           [1>1]           [1>2]           [1>3]           [1>4]           [1>5]           [2>1]           [2>2]           [2>3]           [2>4]           [2>5]           [3>1]           [3>2]           [3>3]           [3>4]           [3>5]           [4>1]           [4>2]           [4>3]           [4>4]           [4>5]           [5>1]           [5>2]           [5>3]           [5>4]           [5>5]
  0.0000000E+000  0.0000000E+000  0.0000000E+000  0.0000000E+000  0.0000000E+000  0.0000000E+000  0.0000000E+000  0.0000000E+000  0.0000000E+000  0.0000000E+000  0.0000000E+000  0.0000000E+000  0.0000000E+000  0.0000000E+000  0.0000000E+000  0.0000000E+000  0.0000000E+000  0.0000000E+000  0.0000000E+000  0.0000000E+000  0.0000000E+000  0.0000000E+000  0.0000000E+000  0.0000000E+000  0.0000000E+000
  0.0000000E+000  1.7257785E-001  4.8292066E-005  8.8032805E-007  1.7604703E-004  7.0170274E-001  0.0000000E+000  2.8077074E-001  2.8054939E-001  2.7141077E-001  1.1290176E-005  1.0691408E-005  0.0000000E+000  4.5096720E-005  1.2168381E-004  2.1193705E-004  2.0214619E-006  5.5758004E-005  0.0000000E+000  1.2027614E-007  1.1041428E-005  6.4765927E-005  3.1808313E-005  4.0944813E-006  0.0000000E+000
  0.0000000E+000  1.7369517E-001  4.8632498E-005  8.7846054E-007  1.7637207E-004  7.0633926E-001  0.0000000E+000  3.1088047E-001  3.0953831E-001  3.0176650E-001  1.1466473E-005  1.0817817E-005  0.0000000E+000  4.5113624E-005  1.2177714E-004  2.1296711E-004  2.1912877E-006  5.5834093E-005  0.0000000E+000  1.7902598E-007  1.1187167E-005  6.5270722E-005  3.1805417E-005  4.0271183E-006  0.0000000E+000
  0.0000000E+000  1.7557922E-001  4.9208325E-005  8.7532181E-007  1.7692021E-004  7.1407867E-001  0.0000000E+000  3.5824317E-001  3.5533405E-001  3.4954830E-001  1.1767751E-005  1.1033425E-005  0.0000000E+000  4.5142692E-005  1.2193805E-004  2.1471679E-004  2.4827424E-006  5.5963379E-005  0.0000000E+000  2.8085574E-007  1.1440094E-005  6.6130300E-005  3.1801573E-005  3.9144136E-006  0.0000000E+000
  0.0000000E+000  1.7826358E-001  5.0032657E-005  8.7087170E-007  1.7770136E-004  7.2493173E-001  0.0000000E+000  4.1910303E-001  4.1453443E-001  4.1100320E-001  1.2205822E-005  1.1346026E-005  0.0000000E+000  4.5185352E-005  1.2217509E-004  2.1723787E-004  2.9092144E-006  5.6149753E-005  0.0000000E+000  4.3202718E-007  1.1816260E-005  6.7373490E-005  3.1798378E-005  3.7557727E-006  0.0000000E+000
  0.0000000E+000  1.8179693E-001  5.1124783E-005  8.6505230E-007  1.7872999E-004  7.3889859E-001  0.0000000E+000  4.8901977E-001  4.8303976E-001  4.8167949E-001  1.2798595E-005  1.1767406E-005  0.0000000E+000  4.5243787E-005  1.2250137E-004  2.2060801E-004  3.4911068E-006  5.6399051E-005  0.0000000E+000  6.4215257E-007  1.2340312E-005  6.9043745E-005  3.1798344E-005  3.5504897E-006  0.0000000E+000
  0.0000000E+000  1.8624478E-001  5.2511214E-005  8.5778613E-007  1.8002584E-004  7.5595181E-001  0.0000000E+000  5.6343438E-001  5.5653819E-001  5.5698770E-001  1.3571681E-005  1.2314355E-005  0.0000000E+000  4.5321152E-005  1.2293583E-004  2.2493667E-004  4.2577985E-006  5.6719509E-005  0.0000000E+000  9.2520113E-007  1.3048086E-005  7.1202756E-005  3.1805225E-005  3.2979154E-006  0.0000000E+000
  0.0000000E+000  1.9169194E-001  5.4227177E-005  8.4897364E-007  1.8161485E-004  7.7601174E-001  0.0000000E+000  6.3814419E-001  6.3094054E-001  6.3267731E-001  1.4560870E-005  1.3010232E-005  0.0000000E+000  4.5421913E-005  1.2350535E-004  2.3037424E-004  5.2506763E-006  5.7122448E-005  0.0000000E+000  1.3010658E-006  1.3990637E-005  7.3935965E-005  3.1824540E-005  2.9977474E-006  0.0000000E+000
  0.0000000E+000  1.9824568E-001  5.6318734E-005  8.3848997E-007  1.8353050E-004  7.9891233E-001  0.0000000E+000  7.0962578E-001  7.0270569E-001  7.0516682E-001  1.5815898E-005  1.3887333E-005  0.0000000E+000  4.5552363E-005  1.2424791E-004  2.3712546E-004  6.5277914E-006  5.7623303E-005  0.0000000E+000  1.7979876E-006  1.5240474E-005  7.7360885E-005  3.1864394E-005  2.6505296E-006  0.0000000E+000
  0.0000000E+000  2.0603995E-001  5.8845738E-005  8.2618060E-007  1.8581565E-004  8.2435555E-001  0.0000000E+000  7.7519428E-001  7.6903269E-001  7.7171234E-001  1.7406238E-005  1.4990512E-005  0.0000000E+000  4.5721432E-005  1.2521747E-004  2.4546990E-004  8.1710741E-006  5.8243178E-005  0.0000000E+000  2.4563450E-006  1.6901311E-005  8.1639792E-005  3.1936782E-005  2.2585146E-006  0.0000000E+000
  0.0000000E+000  2.1524062E-001  6.1885997E-005  8.1185588E-007  1.8852514E-004  8.5185391E-001  0.0000000E+000  8.3302372E-001  8.2792668E-001  8.3043657E-001  1.9430175E-005  1.6382829E-005  0.0000000E+000  4.5941963E-005  1.2649185E-004  2.5579322E-004  1.0297734E-005  5.9011223E-005  0.0000000E+000  3.3346929E-006  1.9123584E-005  8.6999375E-005  3.2059708E-005  1.8271766E-006  0.0000000E+000
  0.0000000E+000  2.2605231E-001  6.5541184E-005  7.9528398E-007  1.9172928E-004  8.8066277E-001  0.0000000E+000  8.8207040E-001  8.7816507E-001  8.8025793E-001  2.2029365E-005  1.8154569E-005  0.0000000E+000  4.6232790E-005  1.2818542E-004  2.6863622E-004  1.3078746E-005  5.9968391E-005  0.0000000E+000  4.5196461E-006  2.2129834E-005  9.3761994E-005  3.2260712E-005  1.3679131E-006  0.0000000E+000
  0.0000000E+000  2.3872682E-001  6.9945335E-005  7.7618194E-007  1.9551891E-004  9.0970936E-001  0.0000000E+000  9.2194223E-001  9.1919835E-001  9.2076218E-001  2.5412998E-005  2.0438124E-005  0.0000000E+000  4.6622227E-005  1.3047054E-004  2.8477436E-004  1.6769821E-005  6.1173511E-005  0.0000000E+000  6.1425878E-006  2.6257581E-005  1.0239692E-004  3.2582922E-005  9.0299497E-007  0.0000000E+000
  0.0000000E+000  2.5357360E-001  7.5277308E-005  7.5420441E-007  2.0001265E-004  9.3753323E-001  0.0000000E+000  9.5274928E-001  9.5101810E-001  9.5205237E-001  2.9899388E-005  2.3433466E-005  0.0000000E+000  4.7154147E-005  1.3361489E-004  3.0535133E-004  2.1765333E-005  6.2713528E-005  0.0000000E+000  8.4090335E-006  3.2034545E-005  1.1360762E-004  3.3095879E-005  4.7492945E-007  0.0000000E+000
  0.0000000E+000  2.7097249E-001  8.1779409E-005  7.2892959E-007  2.0536737E-004  9.6226320E-001  0.0000000E+000  9.7495930E-001  9.7401772E-001  9.7460180E-001  3.5990914E-005  2.7453792E-005  0.0000000E+000  4.7899084E-005  1.3804987E-004  3.3211346E-004  2.8696638E-005  6.4721515E-005  0.0000000E+000  1.1652663E-005  4.0316819E-005  1.2848719E-004  3.3915746E-005  1.6488972E-007  0.0000000E+000
  0.0000000E+000  2.9138868E-001  8.9785934E-005  6.9984225E-007  2.1179409E-004  9.8166575E-001  0.0000000E+000  9.8927178E-001  9.8886318E-001  9.8912464E-001  4.4516469E-005  3.3011749E-005  0.0000000E+000  4.8975605E-005  1.4450233E-004  3.6784380E-004  3.8621423E-005  6.7410088E-005  0.0000000E+000  1.6440349E-005  5.2556750E-005  1.4881037E-004  3.5245134E-005  1.3082530E-007  0.0000000E+000
  0.0000000E+000  3.1538923E-001  9.9768140E-005  6.6631430E-007  2.1958221E-004  9.9330093E-001  0.0000000E+000  9.9651613E-001  9.9638324E-001  9.9647057E-001  5.6920253E-005  4.0993182E-005  0.0000000E+000  5.0594230E-005  1.5426578E-004  4.1721826E-004  5.3413286E-005  7.1137509E-005  0.0000000E+000  2.3790285E-005  7.1357390E-005  1.7761857E-004  3.7456910E-005  6.9126408E-007  0.0000000E+000
  0.0000000E+000  3.4365931E-001  1.1240741E-004  6.2758536E-007  2.2913812E-004  9.9480585E-001  0.0000000E+000  9.9757429E-001  9.9748253E-001  9.9754425E-001  7.5895156E-005  5.3035652E-005  0.0000000E+000  5.3155103E-005  1.6980451E-004  4.8863114E-004  7.6630882E-005  7.6549058E-005  0.0000000E+000  3.5663307E-005  1.0171543E-004  2.2048750E-004  4.1285122E-005  2.5243421E-006  0.0000000E+000
  0.0000000E+000  3.7701331E-001  1.2871883E-004  5.8275151E-007  2.4104846E-004  9.8428318E-001  0.0000000E+000  9.9332530E-001  9.9307699E-001  9.9324759E-001  1.0691379E-004  7.2436944E-005  0.0000000E+000  5.7487599E-005  1.9623779E-004  5.9848172E-004  1.1566319E-004  8.4910181E-005  0.0000000E+000  5.6187743E-005  1.5409885E-004  2.8855413E-004  4.8305640E-005  7.1891206E-006  0.0000000E+000
  0.0000000E+000  4.1639065E-001  1.5026898E-004  5.3078440E-007  2.5618867E-004  9.6071259E-001  0.0000000E+000  9.8460814E-001  9.8404926E-001  9.8444085E-001  1.6240989E-004  1.0661657E-004  0.0000000E+000  6.5515415E-005  2.4546661E-004  7.8253719E-004  1.8775014E-004  9.8993555E-005  0.0000000E+000  9.5134011E-005  2.5308924E-004  4.0668250E-004  6.2309519E-005  1.8674843E-005  0.0000000E+000
  0.0000000E+000  4.6281621E-001  1.7958022E-004  4.7064235E-007  2.7591807E-004  9.2425478E-001  0.0000000E+000  9.7219886E-001  9.7122005E-001  9.7191879E-001  2.7506757E-004  1.7486436E-004  0.0000000E+000  8.2411405E-005  3.4956792E-004  1.1309365E-003  3.3988502E-004  1.2582834E-004  0.0000000E+000  1.7954349E-004  4.6583744E-004  6.3910142E-004  9.3914664E-005  4.8822723E-005  0.0000000E+000
  0.0000000E+000  5.1728726E-001  2.2092784E-004  4.0164536E-007  3.0245192E-004  8.7632313E-001  0.0000000E+000  9.5679839E-001  9.5533222E-001  9.5639797E-001  5.4745234E-004  3.3688521E-004  0.0000000E+000  1.2486581E-004  6.1230063E-004  1.9140127E-003  7.2823400E-004  1.8668452E-004  0.0000000E+000  4.0091465E-004  1.0142226E-003  1.1839295E-003  1.7922345E-004  1.4038805E-004  0.0000000E+000
  0.0000000E+000  5.8052208E-001  2.8203234E-004  3.2462296E-007  3.3962267E-004  8.1937257E-001  0.0000000E+000  9.3902785E-001  9.3704381E-001  9.3851204E-001  1.3137681E-003  7.8244446E-004  0.0000000E+000  2.4996227E-004  1.3898119E-003  3.9338406E-003  1.9183233E-003  3.4598894E-004  0.0000000E+000  1.1006460E-003  2.6925247E-003  2.6698609E-003  4.5349914E-004  4.6745944E-004  0.0000000E+000
  0.0000000E+000  6.5247347E-001  3.7799404E-004  2.4546663E-007  3.9457790E-004  7.5646819E-001  0.0000000E+000  9.1942918E-001  9.1692759E-001  9.1881244E-001  2.1652247E-003  1.2477710E-003  0.0000000E+000  4.0518805E-004  2.3639818E-003  5.1595690E-003  3.2634194E-003  4.4935700E-004  0.0000000E+000  1.9509067E-003  4.8474472E-003  4.0843906E-003  8.4143334E-004  1.0150966E-003  0.0000000E+000
  0.0000000E+000  7.3150314E-001  5.4154021E-004  1.8695472E-007  4.8199400E-004  6.9077817E-001  0.0000000E+000  8.9846896E-001  8.9547464E-001  8.9777255E-001  1.0586410E-003  5.8967949E-004  0.0000000E+000  2.3198966E-004  1.2940214E-003  1.8182851E-003  1.5084756E-003  1.8772595E-004  0.0000000E+000  9.3823297E-004  2.4943194E-003  1.7870508E-003  4.7043242E-004  6.0900193E-004  0.0000000E+000
  0.0000000E+000  8.1321590E-001  8.5378593E-004  2.3343109E-007  6.3598530E-004  6.2514203E-001  0.0000000E+000  8.7654417E-001  8.7310044E-001  8.7579387E-001  4.5060004E-004  2.4260900E-004  0.0000000E+000  1.2935784E-004  6.5370611E-004  5.9149369E-004  6.5075274E-004  8.9863089E-005  0.0000000E+000  4.2120751E-004  1.1420549E-003  6.9779144E-004  2.4182266E-004  3.1769572E-004  0.0000000E+000
  0.0000000E+000  8.8931940E-001  1.5530254E-003  7.3307311E-007  9.4868924E-004  5.6180483E-001  0.0000000E+000  8.5398898E-001  8.5015229E-001  8.5321318E-001  2.3308856E-004  1.2131499E-004  0.0000000E+000  9.1178257E-005  4.1431615E-004  2.3735902E-004  3.4685842E-004  6.1072587E-005  0.0000000E+000  2.3365179E-004  6.4014240E-004  3.3523630E-004  1.5420180E-004  1.9916229E-004  0.0000000E+000
  0.0000000E+000  9.4757082E-001  3.4369259E-003  3.3809574E-006  1.6864575E-003  5.0232870E-001  0.0000000E+000  8.3108180E-001  8.2691711E-001  8.3030997E-001  1.3972060E-004  7.0297037E-005  0.0000000E+000  7.4248443E-005  3.0775451E-004  1.1236545E-004  2.1436633E-004  5.0653478E-005  0.0000000E+000  1.5027094E-004  4.1604274E-004  1.8800437E-004  1.1408182E-004  1.4255363E-004  0.0000000E+000
  0.0000000E+000  9.7434439E-001  7.0887703E-003  1.3169560E-005  2.7447924E-003  4.4763850E-001  0.0000000E+000  8.0805221E-001  8.0362918E-001  8.0731374E-001  9.2458749E-005  4.4969685E-005  0.0000000E+000  6.5423980E-005  2.5201450E-004  6.1609463E-005  1.4595097E-004  4.6270547E-005  0.0000000E+000  1.0645710E-004  2.9819409E-004  1.1725945E-004  9.2521293E-005  1.1109570E-004  0.0000000E+000
  0.0000000E+000  9.6013858E-001  4.4383845E-003  1.3875146E-005  1.3382595E-003  3.9814054E-001  0.0000000E+000  7.8508751E-001  7.8047748E-001  7.8441082E-001  6.5540287E-005  3.0817818E-005  0.0000000E+000  6.0260253E-005  2.1928404E-004  3.9578093E-005  1.0618439E-004  4.4262105E-005  0.0000000E+000  8.0578415E-005  2.2858470E-004  7.9012334E-005  7.9538424E-005  9.1617181E-005  0.0000000E+000
  0.0000000E+000  9.0500390E-001  1.7320171E-003  8.3895578E-006  4.1329826E-004  3.5386282E-001  0.0000000E+000  7.6233876E-001  7.5761236E-001  7.6175068E-001  4.8845435E-005  2.2206532E-005  0.0000000E+000  5.6976488E-005  1.9839501E-004  3.0093327E-005  8.1027074E-005  4.3312114E-005  0.0000000E+000  6.3961083E-005  1.8389059E-004  5.6523999E-005  7.1056115E-005  7.8584945E-005  0.0000000E+000
  0.0000000E+000  8.1914917E-001  8.1053638E-004  5.7354775E-006  1.6403426E-004  3.1458433E-001  0.0000000E+000  7.3992612E-001  7.3515160E-001  7.3945149E-001  3.7811283E-005  1.6622523E-005  0.0000000E+000  5.4755309E-005  1.8421152E-004  2.6543686E-005  6.4078432E-005  4.2876026E-005  0.0000000E+000  5.2608835E-005  1.5335870E-004  4.2458422E-005  6.5168730E-005  6.9352068E-005  0.0000000E+000
  0.0000000E+000  7.1785290E-001  4.4761437E-004  4.4237061E-006  8.7880694E-005  2.7993889E-001  0.0000000E+000  7.1794370E-001  7.1318566E-001  7.1760512E-001  3.0151777E-005  1.2819629E-005  0.0000000E+000  5.3180313E-005  1.7411273E-004  2.5939947E-005  5.2094471E-005  4.2704066E-005  0.0000000E+000  4.4476396E-005  1.3148564E-004  3.3238439E-005  6.0888811E-005  6.2519085E-005  0.0000000E+000
  0.0000000E+000  6.1506691E-001  2.7614948E-004  3.6809016E-006  6.2019628E-005  2.4949071E-001  0.0000000E+000  6.9646373E-001  6.9178229E-001  6.9628143E-001  2.4623957E-005  1.0127139E-005  0.0000000E+000  5.2021464E-005  1.6664851E-004  2.6827129E-005  4.3290968E-005  4.2672560E-005  0.0000000E+000  3.8428445E-005  1.1521714E-004  2.6970236E-005  5.7662045E-005  5.7286203E-005  0.0000000E+000
  0.0000000E+000  5.1996128E-001  1.8376376E-004  3.2135184E-006  5.3597632E-005  2.2278522E-001  0.0000000E+000  6.7554018E-001  6.7099050E-001  6.7553199E-001  2.0506679E-005  8.1598043E-006  0.0000000E+000  5.1143233E-005  1.6096328E-004  2.8458067E-005  3.6620969E-005  4.2716663E-005  0.0000000E+000  3.3792927E-005  1.0274567E-004  2.2583941E-005  5.5156879E-005  5.3167225E-005  0.0000000E+000
  0.0000000E+000  4.3683431E-001  1.2909638E-004  2.8961542E-006  5.1960303E-005  1.9938060E-001  0.0000000E+000  6.5521189E-001  6.5084394E-001  6.5539331E-001  1.7358940E-005  6.6843707E-006  0.0000000E+000  5.0461493E-005  1.5652519E-004  3.0434469E-005  3.1437108E-005  4.2800893E-005  0.0000000E+000  3.0150777E-005  9.2944388E-005  1.9442644E-005  5.3164544E-005  4.9851437E-005  0.0000000E+000
  0.0000000E+000  3.6660516E-001  9.4436785E-005  2.6682258E-006  5.3112934E-005  1.7886547E-001  0.0000000E+000  6.3550524E-001  6.3136373E-001  6.3588949E-001  1.4899077E-005  5.5533384E-006  0.0000000E+000  4.9921726E-005  1.5298916E-004  3.2539092E-005  2.7321419E-005  4.2905236E-005  0.0000000E+000  2.7229232E-005  8.5079997E-005  1.7150506E-005  5.1547892E-005  4.7131919E-005  0.0000000E+000
  0.0000000E+000  3.0838401E-001  7.1276065E-005  2.4974227E-006  5.5399644E-005  1.6086739E-001  0.0000000E+000  6.1643638E-001  6.1256089E-001  6.1703458E-001  1.2940512E-005  4.6699714E-006  0.0000000E+000  4.9487298E-005  1.5012301E-004  3.4652501E-005  2.3994097E-005  4.3018176E-005  0.0000000E+000  2.4844258E-005  7.8657815E-005  1.5452509E-005  5.0213577E-005  4.4866038E-005  0.0000000E+000
  0.0000000E+000  2.6055582E-001  5.5147674E-005  2.3651202E-006  5.8087837E-005  1.4505537E-001  0.0000000E+000  5.9801320E-001  5.9443832E-001  5.9883449E-001  1.1355765E-005  3.9688306E-006  0.0000000E+000  4.9132824E-005  1.4776569E-004  3.6709727E-005  2.1261965E-005  4.3133033E-005  0.0000000E+000  2.2867838E-005  7.3333768E-005  1.4179282E-005  4.9096115E-005  4.2952557E-005  0.0000000E+000
  0.0000000E+000  2.2137781E-001  4.3537881E-005  2.2598983E-006  6.0842155E-005  1.3113906E-001  0.0000000E+000  5.8023688E-001  5.7699253E-001  5.8128857E-001  1.0055374E-005  3.4044521E-006  0.0000000E+000  4.8840245E-005  1.4580246E-004  3.8676815E-005  1.8988079E-005  4.3245946E-005  0.0000000E+000  2.1208549E-005  6.8862160E-005  1.3215372E-005  4.8148370E-005  4.1317795E-005  0.0000000E+000
  0.0000000E+000  1.8925174E-001  3.4950456E-005  2.1743963E-006  6.3509160E-005  1.1886587E-001  0.0000000E+000  5.6310326E-001  5.6021497E-001  5.6439102E-001  8.9750827E-006  2.9445094E-006  0.0000000E+000  4.8596409E-005  1.4414973E-004  4.0537704E-005  1.7073097E-005  4.3354737E-005  0.0000000E+000  1.9799600E-005  6.5063495E-005  1.2480286E-005  4.7335639E-005  3.9906945E-005  0.0000000E+000
  0.0000000E+000  1.6281747E-001  2.8452927E-005  2.1036712E-006  6.6022375E-005  1.0801738E-001  0.0000000E+000  5.4660397E-001  5.4409322E-001  5.4813198E-001  8.0677914E-006  2.5655451E-006  0.0000000E+000  4.8391548E-005  1.4274531E-004  4.2286703E-005  1.5443480E-005  4.3458246E-005  0.0000000E+000  1.8591208E-005  6.1803991E-005  1.1916797E-005  4.6631868E-005  3.8678457E-005  0.0000000E+000
  0.0000000E+000  1.4096099E-001  2.3441451E-005  2.0442877E-006  6.8357937E-005  9.8405353E-002  0.0000000E+000  5.3072735E-001  5.2861189E-001  5.3249845E-001  7.2983456E-006  2.2502292E-006  0.0000000E+000  4.8218272E-005  1.4154215E-004  4.3924093E-005  1.4043816E-005  4.3555927E-005  0.0000000E+000  1.7545607E-005  5.8982154E-005  1.1483512E-005  4.6017152E-005  3.7600300E-005  0.0000000E+000
  0.0000000E+000  1.2278799E-001  1.9512105E-005  1.9937886E-006  7.0512949E-005  8.9867938E-002  0.0000000E+000  5.1545922E-001  5.1375344E-001  5.1747506E-001  6.6400826E-006  1.9855515E-006  0.0000000E+000  4.8070901E-005  1.4050403E-004  4.5453507E-005  1.2831678E-005  4.3647614E-005  0.0000000E+000  1.6633694E-005  5.6519775E-005  1.1150032E-005  4.5476050E-005  3.6647409E-005  0.0000000E+000
  0.0000000E+000  1.0758736E-001  1.6387081E-005  1.9503716E-006  7.2494587E-005  8.2266071E-002  0.0000000E+000  5.0078353E-001  4.9949877E-001  5.0304473E-001  6.0724872E-006  1.7616041E-006  0.0000000E+000  4.7945008E-005  1.3960273E-004  4.6880362E-005  1.1774115E-005  4.3733366E-005  0.0000000E+000  1.5832723E-005  5.4355724E-005  1.0893729E-005  4.4996416E-005  3.5799908E-005  0.0000000E+000
  0.0000000E+000  9.4795719E-002  1.3870655E-005  1.9126866E-006  7.4314502E-005  7.5480289E-002  0.0000000E+000  4.8668290E-001  4.8582774E-001  4.8918914E-001  5.5795675E-006  1.5707432E-006  0.0000000E+000  4.7837098E-005  1.3881594E-004  4.8210917E-005  1.0845210E-005  4.3813374E-005  0.0000000E+000  1.5124693E-005  5.2441619E-005  1.0697557E-005  4.4568580E-005  3.5041847E-005  0.0000000E+000
  0.0000000E+000  8.3966603E-002  1.1822001E-005  1.8797030E-006  7.5985927E-005  6.9407903E-002  0.0000000E+000  4.7313899E-001  4.7271959E-001  4.7588917E-001  5.1487104E-006  1.4070022E-006  0.0000000E+000  4.7744375E-005  1.3812581E-004  4.9451707E-005  1.0024334E-005  4.3887904E-005  0.0000000E+000  1.4495192E-005  5.0738724E-005  1.0548538E-005  4.4184753E-005  3.4360286E-005  0.0000000E+000
  0.0000000E+000  7.4745316E-002  1.0137898E-005  1.8506208E-006  7.7522195E-005  6.3960548E-002  0.0000000E+000  4.6013290E-001  4.6015323E-001  4.6312522E-001  4.7698603E-006  1.2656740E-006  0.0000000E+000  4.7664584E-005  1.3751795E-004  5.0609211E-005  9.2948990E-006  4.3957260E-005  0.0000000E+000  1.3932562E-005  4.9215700E-005  1.0436690E-005  4.3838600E-005  3.3744625E-005  0.0000000E+000
  0.0000000E+000  6.6848955E-002  8.7414280E-006  1.8248101E-006  7.8936013E-005  5.9062081E-002  0.0000000E+000  4.4764545E-001  4.4810757E-001  4.5087750E-001  4.4349218E-006  1.1430085E-006  0.0000000E+000  4.7595884E-005  1.3698059E-004  5.1689660E-005  8.6434308E-006  4.4021759E-005  0.0000000E+000  1.3427280E-005  4.7846953E-005  1.0354276E-005  4.3524919E-005  3.3186106E-005  0.0000000E+000
  0.0000000E+000  6.0050789E-002  7.5744287E-006  1.8017684E-006  8.0239135E-005  5.4646772E-002  0.0000000E+000  4.3565736E-001  4.3656165E-001  4.3912626E-001  4.1373185E-006  1.0359913E-006  0.0000000E+000  4.7536760E-005  1.3650406E-004  5.2698940E-005  8.0588913E-006  4.4081719E-005  0.0000000E+000  1.2971504E-005  4.6611398E-005  1.0295248E-005  4.3239404E-005  3.2677427E-005  0.0000000E+000
  0.0000000E+000  5.4168146E-002  6.5923313E-006  1.7810901E-006  8.1442251E-005  5.0657777E-002  0.0000000E+000  4.2414949E-001  4.2549484E-001  4.2785190E-001  3.8716635E-006  9.4217930E-007  0.0000000E+000  4.7485954E-005  1.3608034E-004  5.3642537E-005  7.5321630E-006  4.4137449E-005  0.0000000E+000  1.2558720E-005  4.5491522E-005  1.0254845E-005  4.2978461E-005  3.2212460E-005  0.0000000E+000
  0.0000000E+000  4.9053028E-002  5.7605739E-006  1.7624442E-006  8.2554985E-005  4.7045837E-002  0.0000000E+000  4.1310293E-001  4.1488698E-001  4.1703517E-001  3.6335106E-006  8.5957713E-007  0.0000000E+000  4.7442414E-005  1.3570272E-004  5.4525533E-005  7.0556574E-006  4.4189243E-005  0.0000000E+000  1.2183480E-005  4.4472677E-005  1.0229298E-005  4.2739072E-005  3.1786025E-005  0.0000000E+000
  0.0000000E+000  4.4584862E-002  5.0520622E-006  1.7455583E-006  8.3585955E-005  4.3768170E-002  0.0000000E+000  4.0249914E-001  4.0471840E-001  4.0665723E-001  3.4191635E-006  7.8654375E-007  0.0000000E+000  4.7405255E-005  1.3536555E-004  5.5352601E-005  6.6230152E-006  4.4237378E-005  0.0000000E+000  1.1841194E-005  4.3542522E-005  1.0215606E-005  4.2518681E-005  3.1393716E-005  0.0000000E+000
  0.0000000E+000  4.0664862E-002  4.4453448E-006  1.7302060E-006  8.4542854E-005  4.0787543E-002  0.0000000E+000  3.9232003E-001  3.9497006E-001  3.9669975E-001  3.2255294E-006  7.2172051E-007  0.0000000E+000  4.7373723E-005  1.3506404E-004  5.6128030E-005  6.2288721E-006  4.4282115E-005  0.0000000E+000  1.1527972E-005  4.2690599E-005  1.0211364E-005  4.2315114E-005  3.1031761E-005  0.0000000E+000
  0.0000000E+000  3.7211649E-002  3.9232832E-006  1.7161976E-006  8.5432541E-005  3.8071478E-002  0.0000000E+000  3.8254800E-001  3.8562357E-001  3.8714495E-001  3.0500040E-006  6.6397568E-007  0.0000000E+000  4.7347178E-005  1.3479410E-004  5.6855748E-005  5.8686759E-006  4.4323697E-005  0.0000000E+000  1.1240497E-005  4.1907987E-005  1.0214642E-005  4.2126512E-005  3.0696916E-005  0.0000000E+000
  0.0000000E+000  3.4157825E-002  3.4720706E-006  1.7033733E-006  8.6261127E-005  3.5591579E-002  0.0000000E+000  3.7316602E-001  3.7666119E-001  3.7797564E-001  2.8903821E-006  6.1236113E-007  0.0000000E+000  4.7325067E-005  1.3455224E-004  5.7539344E-005  5.5385422E-006  4.4362347E-005  0.0000000E+000  1.0975927E-005  4.1187041E-005  1.0223880E-005  4.1951274E-005  3.0386374E-005  0.0000000E+000
  0.0000000E+000  3.1447280E-002  3.0804983E-006  1.6915973E-006  8.7034065E-005  3.3322966E-002  0.0000000E+000  3.6415765E-001  3.6806589E-001  3.6917527E-001  2.7447862E-006  5.6607830E-007  0.0000000E+000  4.7306914E-005  1.3433543E-004  5.8182097E-005  5.2351384E-006  4.4398275E-005  0.0000000E+000  1.0731811E-005  4.0521173E-005  1.0237817E-005  4.1788015E-005  3.0097700E-005  0.0000000E+000
  0.0000000E+000  2.9033066E-002  2.7394022E-006  1.6807535E-006  8.7756220E-005  3.1243788E-002  0.0000000E+000  3.5550702E-001  3.5982135E-001  3.6072789E-001  2.6116097E-006  5.2445116E-007  0.0000000E+000  4.7292305E-005  1.3414106E-004  5.8787005E-005  4.9555916E-006  4.4431672E-005  0.0000000E+000  1.0506028E-005  3.9904676E-005  1.0255427E-005  4.1635533E-005  2.9828764E-005  0.0000000E+000
  0.0000000E+000  2.6875717E-002  2.4412402E-006  1.6707423E-006  8.8431941E-005  2.9334816E-002  0.0000000E+000  3.4719889E-001  3.5191192E-001  3.5261822E-001  2.4894712E-006  4.8690477E-007  0.0000000E+000  4.7280878E-005  1.3396685E-004  5.9356804E-005  4.6974136E-006  4.4462715E-005  0.0000000E+000  1.0296732E-005  3.9332590E-005  1.0275875E-005  4.1492782E-005  2.9577702E-005  0.0000000E+000
  0.0000000E+000  2.4941898E-002  2.1797672E-006  1.6614774E-006  8.9065124E-005  2.7579084E-002  0.0000000E+000  3.3921864E-001  3.4432267E-001  3.4483160E-001  2.3771779E-006  4.5294789E-007  0.0000000E+000  4.7272315E-005  1.3381080E-004  5.9893999E-005  4.4584400E-006  4.4491568E-005  0.0000000E+000  1.0102312E-005  3.8800581E-005  1.0298482E-005  4.1358842E-005  2.9342875E-005  0.0000000E+000
  0.0000000E+000  2.3203332E-002  1.9497826E-006  1.6528840E-006  8.9659260E-005  2.5961600E-002  0.0000000E+000  3.3155226E-001  3.3703934E-001  3.3735402E-001  2.2736951E-006  4.2215909E-007  0.0000000E+000  4.7266338E-005  1.3367116E-004  6.0400880E-005  4.2367803E-006  4.4518383E-005  0.0000000E+000  9.9213561E-006  3.8304849E-005  1.0322692E-005  4.1232907E-005  2.9122834E-005  0.0000000E+000
  0.0000000E+000  2.1635926E-002  1.7469320E-006  1.6448969E-006  9.0217489E-005  2.4469081E-002  0.0000000E+000  3.2418632E-001  3.3004831E-001  3.3017206E-001  2.1781220E-006  3.9417536E-007  0.0000000E+000  4.7262698E-005  1.3354639E-004  6.0879543E-005  4.0307769E-006  4.4543299E-005  0.0000000E+000  9.7526190E-006  3.7842048E-005  1.0348051E-005  4.1114266E-005  2.8916296E-005  0.0000000E+000
  0.0000000E+000  2.0219074E-002  1.5675520E-006  1.6374590E-006  9.0742637E-005  2.3089735E-002  0.0000000E+000  3.1710800E-001  3.2333662E-001  3.2327294E-001  2.0896712E-006  3.6868283E-007  0.0000000E+000  4.7261174E-005  1.3343510E-004  6.1331912E-005  3.8389713E-006  4.4566445E-005  0.0000000E+000  9.5950025E-006  3.7409226E-005  1.0374189E-005  4.1002288E-005  2.8722120E-005  0.0000000E+000
  0.0000000E+000  1.8935082E-002  1.4085455E-006  1.6305198E-006  9.1237252E-005  2.1813075E-002  0.0000000E+000  3.1030505E-001  3.1689192E-001  3.1664444E-001  2.0076521E-006  3.4540914E-007  0.0000000E+000  4.7261569E-005  1.3333610E-004  6.1759749E-005  3.6600752E-006  4.4587939E-005  0.0000000E+000  9.4475332E-006  3.7003765E-005  1.0400802E-005  4.0896415E-005  2.8539291E-005  0.0000000E+000
  0.0000000E+000  1.7768699E-002  1.2672830E-006  1.6240351E-006  9.1703636E-005  2.0629756E-002  0.0000000E+000  3.0376579E-001  3.1070248E-001  3.1027492E-001  1.9314566E-006  3.2411718E-007  0.0000000E+000  4.7263707E-005  1.3324828E-004  6.2164674E-005  3.4929476E-006  4.4607893E-005  0.0000000E+000  9.3093453E-006  3.6623337E-005  1.0427644E-005  4.0796150E-005  2.8366898E-005  0.0000000E+000
  0.0000000E+000  1.6706734E-002  1.1415225E-006  1.6179654E-006  9.2143874E-005  1.9531430E-002  0.0000000E+000  2.9747906E-001  3.0475712E-001  3.0415330E-001  1.8605482E-006  3.0459979E-007  0.0000000E+000  4.7267429E-005  1.3317068E-004  6.2548175E-005  3.3365742E-006  4.4626409E-005  0.0000000E+000  9.1796671E-006  3.6265867E-005  1.0454514E-005  4.0701048E-005  2.8204127E-005  0.0000000E+000
  0.0000000E+000  1.5737738E-002  1.0293452E-006  1.6122758E-006  9.2559859E-005  1.8510632E-002  0.0000000E+000  2.9143423E-001  2.9904522E-001  2.9826901E-001  1.7944513E-006  2.8667548E-007  0.0000000E+000  4.7272589E-005  1.3310242E-004  6.2911622E-005  3.1900511E-006  4.4643580E-005  0.0000000E+000  9.0578081E-006  3.5929501E-005  1.0481249E-005  4.0610711E-005  2.8050245E-005  0.0000000E+000
  0.0000000E+000  1.4851744E-002  9.2910265E-007  1.6069350E-006  9.2953306E-005  1.7560670E-002  0.0000000E+000  2.8562118E-001  2.9355669E-001  2.9261200E-001  1.7327437E-006  2.7018478E-007  0.0000000E+000  4.7279058E-005  1.3304271E-004  6.3256279E-005  3.0525704E-006  4.4659495E-005  0.0000000E+000  8.9431495E-006  3.5612574E-005  1.0507716E-005  4.0524784E-005  2.7904592E-005  0.0000000E+000
  0.0000000E+000  1.4040046E-002  8.3937372E-007  1.6019152E-006  9.3325781E-005  1.6675535E-002  0.0000000E+000  2.8003026E-001  2.8828192E-001  2.8717270E-001  1.6750492E-006  2.5498714E-007  0.0000000E+000  4.7286717E-005  1.3299083E-004  6.3583311E-005  2.9234080E-006  4.4674235E-005  0.0000000E+000  8.8351350E-006  3.5313593E-005  1.0533812E-005  4.0442946E-005  2.7766572E-005  0.0000000E+000
  0.0000000E+000  1.3295017E-002  7.5892933E-007  1.5971912E-006  9.3678710E-005  1.5849823E-002  0.0000000E+000  2.7465228E-001  2.8321182E-001  2.8194201E-001  1.6210319E-006  2.4095836E-007  0.0000000E+000  4.7295456E-005  1.3294615E-004  6.3893792E-005  2.8019133E-006  4.4687876E-005  0.0000000E+000  8.7332631E-006  3.5031210E-005  1.0559451E-005  4.0364907E-005  2.7635644E-005  0.0000000E+000
  0.0000000E+000  1.2609957E-002  6.8670308E-007  1.5927406E-006  9.4013394E-005  1.5078665E-002  0.0000000E+000  2.6947852E-001  2.7833773E-001  2.7691128E-001  1.5703910E-006  2.2798843E-007  0.0000000E+000  4.7305175E-005  1.3290808E-004  6.4188717E-005  2.6875003E-006  4.4700489E-005  0.0000000E+000  8.6370809E-006  3.4764209E-005  1.0584568E-005  4.0290407E-005  2.7511320E-005  0.0000000E+000
  0.0000000E+000  1.1978964E-002  6.2176699E-007  1.5885430E-006  9.4331024E-005  1.4357667E-002  0.0000000E+000  2.6450065E-001  2.7365143E-001  2.7207228E-001  1.5228565E-006  2.1597966E-007  0.0000000E+000  4.7315784E-005  1.3287607E-004  6.4469007E-005  2.5796401E-006  4.4712139E-005  0.0000000E+000  8.5461785E-006  3.4511490E-005  1.0609112E-005  4.0219210E-005  2.7393155E-005  0.0000000E+000
  0.0000000E+000  1.1396824E-002  5.6331127E-007  1.5845801E-006  9.4632691E-005  1.3682856E-002  0.0000000E+000  2.5971076E-001  2.6914511E-001  2.6741717E-001  1.4781854E-006  2.0484508E-007  0.0000000E+000  4.7327196E-005  1.3284963E-004  6.4735514E-005  2.4778542E-006  4.4722888E-005  0.0000000E+000  8.4601839E-006  3.4272053E-005  1.0633043E-005  4.0151102E-005  2.7280743E-005  0.0000000E+000
  0.0000000E+000  1.0858922E-002  5.1062733E-007  1.5808351E-006  9.4919398E-005  1.3050638E-002  0.0000000E+000  2.5510132E-001  2.6481137E-001  2.6293852E-001  1.4361588E-006  1.9450711E-007  0.0000000E+000  4.7339335E-005  1.3282833E-004  6.4989030E-005  2.3817087E-006  4.4732793E-005  0.0000000E+000  8.3787591E-006  3.4044991E-005  1.0656332E-005  4.0085889E-005  2.7173716E-005  0.0000000E+000
  0.0000000E+000  1.0361160E-002  4.6309359E-007  1.5772930E-006  9.5192063E-005  1.2457753E-002  0.0000000E+000  2.5066516E-001  2.6064316E-001  2.5862926E-001  1.3965789E-006  1.8489639E-007  0.0000000E+000  4.7352125E-005  1.3281174E-004  6.5230288E-005  2.2908095E-006  4.4741907E-005  0.0000000E+000  8.3015963E-006  3.3829480E-005  1.0678961E-005  4.0023394E-005  2.7071735E-005  0.0000000E+000
  0.0000000E+000  9.8998923E-003  4.2016344E-007  1.5739400E-006  9.5451533E-005  1.1901240E-002  0.0000000E+000  2.4639548E-001  2.5663381E-001  2.5448265E-001  1.3592664E-006  1.7595078E-007  0.0000000E+000  4.7365501E-005  1.3279948E-004  6.5459971E-005  2.2047978E-006  4.4750282E-005  0.0000000E+000  8.2284145E-006  3.3624764E-005  1.0700915E-005  3.9963456E-005  2.6974491E-005  0.0000000E+000
  0.0000000E+000  9.4718688E-003  3.8135508E-007  1.5707635E-006  9.5698587E-005  1.1378407E-002  0.0000000E+000  2.4228580E-001  2.5277696E-001  2.5049232E-001  1.3240589E-006  1.6761449E-007  0.0000000E+000  4.7379397E-005  1.3279120E-004  6.5678714E-005  2.1233467E-006  4.4757964E-005  0.0000000E+000  8.1589570E-006  3.3430157E-005  1.0722187E-005  3.9905929E-005  2.6881702E-005  0.0000000E+000
  0.0000000E+000  9.0741848E-003  3.4624292E-007  1.5677521E-006  9.5933946E-005  1.0886805E-002  0.0000000E+000  2.3832995E-001  2.4906659E-001  2.4665218E-001  1.2908087E-006  1.5983734E-007  0.0000000E+000  4.7393756E-005  1.3278658E-004  6.5887107E-005  2.0461572E-006  4.4764996E-005  0.0000000E+000  8.0929887E-006  3.3245029E-005  1.0742775E-005  3.9850679E-005  2.6793108E-005  0.0000000E+000
  0.0000000E+000  8.7042394E-003  3.1445021E-007  1.5648954E-006  9.6158273E-005  1.0424197E-002  0.0000000E+000  2.3452207E-001  2.4549698E-001  2.4295645E-001  1.2593814E-006  1.5257413E-007  0.0000000E+000  4.7408522E-005  1.3278530E-004  6.6085703E-005  1.9729560E-006  4.4771421E-005  0.0000000E+000  8.0302942E-006  3.3068801E-005  1.0762680E-005  3.9797582E-005  2.6708469E-005  0.0000000E+000
  0.0000000E+000  8.3596990E-003  2.8564273E-007  1.5621836E-006  9.6372182E-005  9.9885446E-003  0.0000000E+000  2.3085659E-001  2.4206269E-001  2.3939965E-001  1.2296544E-006  1.4578404E-007  0.0000000E+000  4.7423641E-005  1.3278711E-004  6.6275013E-005  1.9034926E-006  4.4777278E-005  0.0000000E+000  7.9706755E-006  3.2900945E-005  1.0781907E-005  3.9746527E-005  2.6627565E-005  0.0000000E+000
  0.0000000E+000  8.0384658E-003  2.5952346E-007  1.5596080E-006  9.6576243E-005  9.5779822E-003  0.0000000E+000  2.2732820E-001  2.3875856E-001  2.3597656E-001  1.2015155E-006  1.3943017E-007  0.0000000E+000  4.7439065E-005  1.3279172E-004  6.6455519E-005  1.8375371E-006  4.4782602E-005  0.0000000E+000  7.9139505E-006  3.2740972E-005  1.0800463E-005  3.9697412E-005  2.6550193E-005  0.0000000E+000
  0.0000000E+000  7.7386507E-003  2.3582793E-007  1.5571604E-006  9.6770983E-005  9.1908030E-003  0.0000000E+000  2.2393186E-001  2.3557969E-001  2.3268222E-001  1.1748625E-006  1.3347910E-007  0.0000000E+000  4.7454747E-005  1.3279890E-004  6.6627668E-005  1.7748781E-006  4.4787429E-005  0.0000000E+000  7.8599517E-006  3.2588435E-005  1.0818357E-005  3.9650140E-005  2.6476168E-005  0.0000000E+000
  0.0000000E+000  7.4585493E-003  2.1432025E-007  1.5548334E-006  9.6956890E-005  8.8254430E-003  0.0000000E+000  2.2066279E-001  2.3252140E-001  2.2951189E-001  1.1496014E-006  1.2790051E-007  0.0000000E+000  4.7470643E-005  1.3280842E-004  6.6791880E-005  1.7153211E-006  4.4791791E-005  0.0000000E+000  7.8085245E-006  3.2442921E-005  1.0835600E-005  3.9604626E-005  2.6405315E-005  0.0000000E+000
  0.0000000E+000  7.1966214E-003  1.9478962E-007  1.5526201E-006  9.7134420E-005  8.4804676E-003  0.0000000E+000  2.1751641E-001  2.2957929E-001  2.2646112E-001  1.1256460E-006  1.2266687E-007  0.0000000E+000  4.7486711E-005  1.3282006E-004  6.6948547E-005  1.6586867E-006  4.4795719E-005  0.0000000E+000  7.7595261E-006  3.2304047E-005  1.0852205E-005  3.9560791E-005  2.6337475E-005  0.0000000E+000
  0.0000000E+000  6.9514727E-003  1.7704741E-007  1.5505140E-006  9.7303993E-005  8.1545589E-003  0.0000000E+000  2.1448838E-001  2.2674914E-001  2.2352561E-001  1.1029172E-006  1.1775312E-007  0.0000000E+000  4.7502911E-005  1.3283362E-004  6.7098036E-005  1.6048096E-006  4.4799241E-005  0.0000000E+000  7.7128245E-006  3.2171462E-005  1.0868186E-005  3.9518559E-005  2.6272500E-005  0.0000000E+000
  0.0000000E+000  6.7218393E-003  1.6092453E-007  1.5485094E-006  9.7466003E-005  7.8465059E-003  0.0000000E+000  2.1157459E-001  2.2402695E-001  2.2070134E-001  1.0813422E-006  1.1313642E-007  0.0000000E+000  4.7519206E-005  1.3284892E-004  6.7240690E-005  1.5535368E-006  4.4802385E-005  0.0000000E+000  7.6682977E-006  3.2044840E-005  1.0883555E-005  3.9477865E-005  2.6210253E-005  0.0000000E+000
  0.0000000E+000  6.5065735E-003  1.4626920E-007  1.5466007E-006  9.7620816E-005  7.5551935E-003  0.0000000E+000  2.0877110E-001  2.2140894E-001  2.1798443E-001  1.0608539E-006  1.0879597E-007  0.0000000E+000  4.7535559E-005  1.3286578E-004  6.7376834E-005  1.5047270E-006  4.4805177E-005  0.0000000E+000  7.6258325E-006  3.1923879E-005  1.0898328E-005  3.9438645E-005  2.6150606E-005  0.0000000E+000
  0.0000000E+000  6.3046317E-003  1.3294497E-007  1.5447830E-006  9.7768772E-005  7.2795951E-003  0.0000000E+000  2.0607418E-001  2.1889150E-001  2.1537122E-001  1.0413905E-006  1.0471272E-007  0.0000000E+000  4.7551936E-005  1.3288404E-004  6.7506770E-005  1.4582492E-006  4.4807641E-005  0.0000000E+000  7.5853240E-006  3.1808299E-005  1.0912520E-005  3.9400843E-005  2.6093442E-005  0.0000000E+000
  0.0000000E+000  6.1150639E-003  1.2082900E-007  1.5430514E-006  9.7910189E-005  7.0187637E-003  0.0000000E+000  2.0348029E-001  2.1647120E-001  2.1285823E-001  1.0228948E-006  1.0086929E-007  0.0000000E+000  4.7568305E-005  1.3290352E-004  6.7630782E-005  1.4139820E-006  4.4809801E-005  0.0000000E+000  7.5466749E-006  3.1697841E-005  1.0926146E-005  3.9364404E-005  2.6038651E-005  0.0000000E+000
  0.0000000E+000  5.9370036E-003  1.0981058E-007  1.5414018E-006  9.8045364E-005  6.7718255E-003  0.0000000E+000  2.0098604E-001  2.1414477E-001  2.1044215E-001  1.0053141E-006  9.7249752E-008  0.0000000E+000  4.7584633E-005  1.3292409E-004  6.7749137E-005  1.3718129E-006  4.4811678E-005  0.0000000E+000  7.5097945E-006  3.1592263E-005  1.0939222E-005  3.9329280E-005  2.5986131E-005  0.0000000E+000
  0.0000000E+000  5.7696601E-003  9.9789785E-008  1.5398300E-006  9.8174575E-005  6.5379734E-003  0.0000000E+000  1.9858823E-001  2.1190914E-001  2.0811983E-001  9.8859958E-007  9.3839494E-008  0.0000000E+000  4.7600892E-005  1.3294561E-004  6.7862086E-005  1.3316372E-006  4.4813293E-005  0.0000000E+000  7.4745989E-006  3.1491343E-005  1.0951762E-005  3.9295426E-005  2.5935786E-005  0.0000000E+000
  0.0000000E+000  5.6123105E-003  9.0676323E-008  1.5383322E-006  9.8298079E-005  6.3164615E-003  0.0000000E+000  1.9628380E-001  2.0976136E-001  2.0588827E-001  9.7270592E-007  9.0625123E-008  0.0000000E+000  4.7617051E-005  1.3296793E-004  6.7969865E-005  1.2933577E-006  4.4814665E-005  0.0000000E+000  7.4410095E-006  3.1394872E-005  1.0963783E-005  3.9262799E-005  2.5887529E-005  0.0000000E+000
  0.0000000E+000  5.4642933E-003  8.2388521E-008  1.5369051E-006  9.8416119E-005  6.1065994E-003  0.0000000E+000  1.9406985E-001  2.0769864E-001  2.0374463E-001  9.5759126E-007  8.7594331E-008  0.0000000E+000  4.7633084E-005  1.3299094E-004  6.8072696E-005  1.2568840E-006  4.4815815E-005  0.0000000E+000  7.4089536E-006  3.1302657E-005  1.0975299E-005  3.9231361E-005  2.5841277E-005  0.0000000E+000
  0.0000000E+000  5.3250028E-003  7.4852413E-008  1.5355452E-006  9.8528922E-005  5.9077483E-003  0.0000000E+000  1.9194363E-001  2.0571832E-001  2.0168620E-001  9.4321672E-007  8.4735803E-008  0.0000000E+000  4.7648964E-005  1.3301451E-004  6.8170788E-005  1.2221319E-006  4.4816758E-005  0.0000000E+000  7.3783632E-006  3.1214516E-005  1.0986324E-005  3.9201076E-005  2.5796954E-005  0.0000000E+000
  0.0000000E+000  5.1938833E-003  6.8000952E-008  1.5342496E-006  9.8636700E-005  5.7193163E-003  0.0000000E+000  1.8990250E-001  2.0381789E-001  1.9971042E-001  9.2954621E-007  8.2039125E-008  0.0000000E+000  4.7664666E-005  1.3303854E-004  6.8264338E-005  1.1890232E-006  4.4817513E-005  0.0000000E+000  7.3491748E-006  3.1130282E-005  1.0996875E-005  3.9171911E-005  2.5754488E-005  0.0000000E+000
  0.0000000E+000  5.0704249E-003  6.1773295E-008  1.5330155E-006  9.8739650E-005  5.5407546E-003  0.0000000E+000  1.8794398E-001  2.0199495E-001  1.9781484E-001  9.1654620E-007  7.9494707E-008  0.0000000E+000  4.7680165E-005  1.3306291E-004  6.8353529E-005  1.1574845E-006  4.4818095E-005  0.0000000E+000  7.3213294E-006  3.1049798E-005  1.1006964E-005  3.9143834E-005  2.5713811E-005  0.0000000E+000
  0.0000000E+000  4.9541592E-003  5.6114186E-008  1.5318401E-006  9.8837959E-005  5.3715545E-003  0.0000000E+000  1.8606569E-001  2.0024724E-001  1.9599715E-001  9.0418551E-007  7.7093709E-008  0.0000000E+000  4.7695438E-005  1.3308751E-004  6.8438537E-005  1.1274479E-006  4.4818519E-005  0.0000000E+000  7.2947717E-006  3.0972918E-005  1.1016606E-005  3.9116818E-005  2.5674863E-005  0.0000000E+000
  0.0000000E+000  4.8446554E-003  5.0973397E-008  1.5307210E-006  9.8931802E-005  5.2112437E-003  0.0000000E+000  1.8426540E-001  1.9857259E-001  1.9425513E-001  8.9243518E-007  7.4827979E-008  0.0000000E+000  4.7710462E-005  1.3311227E-004  6.8519526E-005  1.0988498E-006  4.4818799E-005  0.0000000E+000  7.2694502E-006  3.0899505E-005  1.1025814E-005  3.9090835E-005  2.5637584E-005  0.0000000E+000
  0.0000000E+000  4.7415173E-003  4.6305234E-008  1.5296559E-006  9.9021340E-005  5.0593839E-003  0.0000000E+000  1.8254097E-001  1.9696897E-001  1.9258671E-001  8.8126823E-007  7.2689991E-008  0.0000000E+000  4.7725217E-005  1.3313707E-004  6.8596650E-005  1.0716307E-006  4.4818950E-005  0.0000000E+000  7.2453167E-006  3.0829433E-005  1.1034602E-005  3.9065862E-005  2.5601920E-005  0.0000000E+000
  0.0000000E+000  4.6443799E-003  4.2068097E-008  1.5286426E-006  9.9106727E-005  4.9155681E-003  0.0000000E+000  1.8089036E-001  1.9543443E-001  1.9098991E-001  8.7065954E-007  7.0672797E-008  0.0000000E+000  4.7739680E-005  1.3316183E-004  6.8670054E-005  1.0457354E-006  4.4818984E-005  0.0000000E+000  7.2223263E-006  3.0762582E-005  1.1042981E-005  3.9041876E-005  2.5567821E-005  0.0000000E+000
  0.0000000E+000  4.5529071E-003  3.8224090E-008  1.5276792E-006  9.9188107E-005  4.7794182E-003  0.0000000E+000  1.7931167E-001  1.9396713E-001  1.8946283E-001  8.6058576E-007  6.8769974E-008  0.0000000E+000  4.7753832E-005  1.3318647E-004  6.8739876E-005  1.0211121E-006  4.4818913E-005  0.0000000E+000  7.2004369E-006  3.0698841E-005  1.1050965E-005  3.9018855E-005  2.5535239E-005  0.0000000E+000
  0.0000000E+000  4.4667890E-003  3.4738669E-008  1.5267637E-006  9.9265613E-005  4.6505827E-003  0.0000000E+000  1.7780306E-001  1.9256534E-001  1.8800370E-001  8.5102510E-007  6.6975590E-008  0.0000000E+000  4.7767655E-005  1.3321091E-004  6.8806244E-005  9.9771240E-007  4.4818749E-005  0.0000000E+000  7.1796092E-006  3.0638108E-005  1.1058565E-005  3.8996780E-005  2.5504129E-005  0.0000000E+000
  0.0000000E+000  4.3857398E-003  3.1580329E-008  1.5258943E-006  9.9339372E-005  4.5287353E-003  0.0000000E+000  1.7636282E-001  1.9122739E-001  1.8661082E-001  8.4195728E-007  6.5284158E-008  0.0000000E+000  4.7781130E-005  1.3323507E-004  6.8869281E-005  9.7549130E-007  4.4818504E-005  0.0000000E+000  7.1598064E-006  3.0580284E-005  1.1065793E-005  3.8975633E-005  2.5474451E-005  0.0000000E+000
  0.0000000E+000  4.3094959E-003  2.8720325E-008  1.5250695E-006  9.9409501E-005  4.4135725E-003  0.0000000E+000  1.7498930E-001  1.8995174E-001  1.8528261E-001  8.3336341E-007  6.3690602E-008  0.0000000E+000  4.7794239E-005  1.3325888E-004  6.8929099E-005  9.5440662E-007  4.4818188E-005  0.0000000E+000  7.1409943E-006  3.0525280E-005  1.1072659E-005  3.8955396E-005  2.5446166E-005  0.0000000E+000
  0.0000000E+000  4.2378141E-003  2.6132422E-008  1.5242877E-006  9.9476111E-005  4.3048124E-003  0.0000000E+000  1.7368097E-001  1.8873690E-001  1.8401755E-001  8.2522590E-007  6.2190230E-008  0.0000000E+000  4.7806965E-005  1.3328228E-004  6.8985807E-005  9.3441900E-007  4.4817810E-005  0.0000000E+000  7.1231408E-006  3.0473011E-005  1.1079174E-005  3.8936056E-005  2.5419237E-005  0.0000000E+000
  0.0000000E+000  4.1704700E-003  2.3792668E-008  1.5235473E-006  9.9539305E-005  4.2021932E-003  0.0000000E+000  1.7243636E-001  1.8758148E-001  1.8281421E-001  8.1752835E-007  6.0778701E-008  0.0000000E+000  4.7819293E-005  1.3330519E-004  6.9039505E-005  9.1549172E-007  4.4817381E-005  0.0000000E+000  7.1062159E-006  3.0423399E-005  1.1085348E-005  3.8917596E-005  2.5393631E-005  0.0000000E+000
  0.0000000E+000  4.1072564E-003  2.1679194E-008  1.5228472E-006  9.9599179E-005  4.1054715E-003  0.0000000E+000  1.7125409E-001  1.8648417E-001  1.8167124E-001  8.1025552E-007  5.9452001E-008  0.0000000E+000  4.7831208E-005  1.3332755E-004  6.9090289E-005  8.9759050E-007  4.4816908E-005  0.0000000E+000  7.0901916E-006  3.0376370E-005  1.1091191E-005  3.8900004E-005  2.5369316E-005  0.0000000E+000
  0.0000000E+000  4.0479824E-003  1.9772033E-008  1.5221860E-006  9.9655825E-005  4.0144217E-003  0.0000000E+000  1.7013286E-001  1.8544371E-001  1.8058737E-001  8.0339321E-007  5.8206420E-008  0.0000000E+000  4.7842694E-005  1.3334932E-004  6.9138246E-005  8.8068340E-007  4.4816402E-005  0.0000000E+000  7.0750420E-006  3.0331855E-005  1.1096712E-005  3.8883268E-005  2.5346264E-005  0.0000000E+000
  0.0000000E+000  3.9924718E-003  1.8052956E-008  1.5215626E-006  9.9709327E-005  3.9288342E-003  0.0000000E+000  1.6907144E-001  1.8445895E-001  1.7956141E-001  7.9692823E-007  5.7038528E-008  0.0000000E+000  4.7853737E-005  1.3337042E-004  6.9183462E-005  8.6474062E-007  4.4815868E-005  0.0000000E+000  7.0607425E-006  3.0289792E-005  1.1101919E-005  3.8867376E-005  2.5324447E-005  0.0000000E+000
  0.0000000E+000  3.9405621E-003  1.6505328E-008  1.5209759E-006  9.9759763E-005  3.8485148E-003  0.0000000E+000  1.6806869E-001  1.8352878E-001  1.7859221E-001  7.9084831E-007  5.5945159E-008  0.0000000E+000  4.7864325E-005  1.3339082E-004  6.9226014E-005  8.4973446E-007  4.4815315E-005  0.0000000E+000  7.0472707E-006  3.0250119E-005  1.1106821E-005  3.8852317E-005  2.5303839E-005  0.0000000E+000
  0.0000000E+000  3.8921038E-003  1.5113974E-008  1.5204248E-006  9.9807206E-005  3.7732837E-003  0.0000000E+000  1.6712352E-001  1.8265217E-001  1.7767874E-001  7.8514208E-007  5.4923391E-008  0.0000000E+000  4.7874445E-005  1.3341045E-004  6.9265974E-005  8.3563914E-007  4.4814750E-005  0.0000000E+000  7.0346054E-006  3.0212784E-005  1.1111425E-005  3.8838082E-005  2.5284417E-005  0.0000000E+000
  0.0000000E+000  3.8469594E-003  1.3865065E-008  1.5199085E-006  9.9851726E-005  3.7029748E-003  0.0000000E+000  1.6623492E-001  1.8182816E-001  1.7681999E-001  7.7979899E-007  5.3970530E-008  0.0000000E+000  4.7884085E-005  1.3342928E-004  6.9303411E-005  8.2243073E-007  4.4814180E-005  0.0000000E+000  7.0227271E-006  3.0177733E-005  1.1115740E-005  3.8824662E-005  2.5266159E-005  0.0000000E+000
  0.0000000E+000  3.8050023E-003  1.2746007E-008  1.5194260E-006  9.9893385E-005  3.6374344E-003  0.0000000E+000  1.6540194E-001  1.8105584E-001  1.7601505E-001  7.7480929E-007  5.3084100E-008  0.0000000E+000  4.7893234E-005  1.3344727E-004  6.9338389E-005  8.1008707E-007  4.4813611E-005  0.0000000E+000  7.0116176E-006  3.0144920E-005  1.1119771E-005  3.8812048E-005  2.5249044E-005  0.0000000E+000
  0.0000000E+000  3.7661166E-003  1.1745349E-008  1.5189765E-006  9.9932243E-005  3.5765210E-003  0.0000000E+000  1.6462370E-001  1.8033438E-001  1.7526305E-001  7.7016398E-007  5.2261823E-008  0.0000000E+000  4.7901881E-005  1.3346436E-004  6.9370965E-005  7.9858763E-007  4.4813048E-005  0.0000000E+000  7.0012601E-006  3.0114301E-005  1.1123526E-005  3.8800233E-005  2.5233055E-005  0.0000000E+000
  0.0000000E+000  3.7301961E-003  1.0852695E-008  1.5185593E-006  9.9968353E-005  3.5201046E-003  0.0000000E+000  1.6389937E-001  1.7966300E-001  1.7456318E-001  7.6585476E-007  5.1501611E-008  0.0000000E+000  4.7910016E-005  1.3348052E-004  6.9401196E-005  7.8791351E-007  4.4812496E-005  0.0000000E+000  6.9916392E-006  3.0085835E-005  1.1127010E-005  3.8789211E-005  2.5218173E-005  0.0000000E+000
  0.0000000E+000  3.6971439E-003  1.0058629E-008  1.5181738E-006  1.0000176E-004  3.4680660E-003  0.0000000E+000  1.6322820E-001  1.7904096E-001  1.7391471E-001  7.6187401E-007  5.0801556E-008  0.0000000E+000  4.7917630E-005  1.3349572E-004  6.9429132E-005  7.7804730E-007  4.4811962E-005  0.0000000E+000  6.9827406E-006  3.0059486E-005  1.1130230E-005  3.8778974E-005  2.5204383E-005  0.0000000E+000
  0.0000000E+000  3.6668718E-003  9.3546463E-009  1.5178192E-006  1.0003253E-004  3.4202962E-003  0.0000000E+000  1.6260949E-001  1.7846760E-001  1.7331695E-001  7.5821475E-007  5.0159920E-008  0.0000000E+000  4.7924715E-005  1.3350992E-004  6.9454818E-005  7.6897306E-007  4.4811449E-005  0.0000000E+000  6.9745513E-006  3.0035219E-005  1.1133190E-005  3.8769517E-005  2.5191670E-005  0.0000000E+000
  0.0000000E+000  3.6392997E-003  8.7330909E-009  1.5174950E-006  1.0006068E-004  3.3766960E-003  0.0000000E+000  1.6204259E-001  1.7794232E-001  1.7276928E-001  7.5487064E-007  4.9575123E-008  0.0000000E+000  4.7931262E-005  1.3352310E-004  6.9478297E-005  7.6067624E-007  4.4810962E-005  0.0000000E+000  6.9670593E-006  3.0013003E-005  1.1135896E-005  3.8760835E-005  2.5180022E-005  0.0000000E+000
  0.0000000E+000  3.6143554E-003  8.1871011E-009  1.5172007E-006  1.0008626E-004  3.3371757E-003  0.0000000E+000  1.6152691E-001  1.7746454E-001  1.7227110E-001  7.5183592E-007  4.9045739E-008  0.0000000E+000  4.7937264E-005  1.3353522E-004  6.9499609E-005  7.5314363E-007  4.4810504E-005  0.0000000E+000  6.9602538E-006  2.9992810E-005  1.1138351E-005  3.8752923E-005  2.5169425E-005  0.0000000E+000
  0.0000000E+000  3.5919743E-003  7.7105608E-009  1.5169358E-006  1.0010930E-004  3.3016546E-003  0.0000000E+000  1.6106192E-001  1.7703377E-001  1.7182192E-001  7.4910539E-007  4.8570488E-008  0.0000000E+000  4.7942715E-005  1.3354627E-004  6.9518787E-005  7.4636332E-007  4.4810080E-005  0.0000000E+000  6.9541251E-006  2.9974615E-005  1.1140561E-005  3.8745776E-005  2.5159869E-005  0.0000000E+000
  0.0000000E+000  3.5720986E-003  7.2980570E-009  1.5166999E-006  1.0012983E-004  3.2700607E-003  0.0000000E+000  1.6064715E-001  1.7664954E-001  1.7142126E-001  7.4667442E-007  4.8148230E-008  0.0000000E+000  4.7947608E-005  1.3355621E-004  6.9535864E-005  7.4032466E-007  4.4809691E-005  0.0000000E+000  6.9486644E-006  2.9958394E-005  1.1142528E-005  3.8739392E-005  2.5151344E-005  0.0000000E+000
  0.0000000E+000  3.5546776E-003  6.9448413E-009  1.5164927E-006  1.0014789E-004  3.2423301E-003  0.0000000E+000  1.6028216E-001  1.7631146E-001  1.7106869E-001  7.4453891E-007  4.7777956E-008  0.0000000E+000  4.7951938E-005  1.3356503E-004  6.9550867E-005  7.3501822E-007  4.4809342E-005  0.0000000E+000  6.9438640E-006  2.9944129E-005  1.1144256E-005  3.8733766E-005  2.5143842E-005  0.0000000E+000
  0.0000000E+000  3.5396670E-003  6.6467977E-009  1.5163137E-006  1.0016349E-004  3.2184073E-003  0.0000000E+000  1.5996659E-001  1.7601917E-001  1.7076387E-001  7.4269526E-007  4.7458791E-008  0.0000000E+000  4.7955700E-005  1.3357271E-004  6.9563821E-005  7.3043573E-007  4.4809035E-005  0.0000000E+000  6.9397171E-006  2.9931800E-005  1.1145748E-005  3.8728896E-005  2.5137356E-005  0.0000000E+000
  0.0000000E+000  3.5270288E-003  6.4004138E-009  1.5161627E-006  1.0017666E-004  3.1982447E-003  0.0000000E+000  1.5970011E-001  1.7577237E-001  1.7050648E-001  7.4114040E-007  4.7189981E-008  0.0000000E+000  4.7958891E-005  1.3357923E-004  6.9574747E-005  7.2657011E-007  4.4808771E-005  0.0000000E+000  6.9362180E-006  2.9921393E-005  1.1147006E-005  3.8724780E-005  2.5131878E-005  0.0000000E+000
  0.0000000E+000  3.5167312E-003  6.2027571E-009  1.5160395E-006  1.0018741E-004  3.1818020E-003  0.0000000E+000  1.5948245E-001  1.7557078E-001  1.7029624E-001  7.3987173E-007  4.6970895E-008  0.0000000E+000  4.7961506E-005  1.3358459E-004  6.9583662E-005  7.2341539E-007  4.4808553E-005  0.0000000E+000  6.9333617E-006  2.9912896E-005  1.1148032E-005  3.8721414E-005  2.5127403E-005  0.0000000E+000
  0.0000000E+000  3.5087486E-003  6.0514547E-009  1.5159438E-006  1.0019576E-004  3.1690468E-003  0.0000000E+000  1.5931338E-001  1.7541421E-001  1.7013294E-001  7.3888716E-007  4.6801022E-008  0.0000000E+000  4.7963543E-005  1.3358876E-004  6.9590582E-005  7.2096672E-007  4.4808381E-005  0.0000000E+000  6.9311442E-006  2.9906297E-005  1.1148829E-005  3.8718799E-005  2.5123927E-005  0.0000000E+000
  0.0000000E+000  3.5030608E-003  5.9446776E-009  1.5158756E-006  1.0020171E-004  3.1599538E-003  0.0000000E+000  1.5919275E-001  1.7530249E-001  1.7001642E-001  7.3818506E-007  4.6679965E-008  0.0000000E+000  4.7965000E-005  1.3359175E-004  6.9595516E-005  7.1922034E-007  4.4808258E-005  0.0000000E+000  6.9295624E-006  2.9901590E-005  1.1149397E-005  3.8716931E-005  2.5121447E-005  0.0000000E+000
  0.0000000E+000  3.4996538E-003  5.8811280E-009  1.5158348E-006  1.0020528E-004  3.1545052E-003  0.0000000E+000  1.5912041E-001  1.7523551E-001  1.6994656E-001  7.3776426E-007  4.6607444E-008  0.0000000E+000  4.7965874E-005  1.3359355E-004  6.9598473E-005  7.1817358E-007  4.4808184E-005  0.0000000E+000  6.9286143E-006  2.9898768E-005  1.1149737E-005  3.8715811E-005  2.5119960E-005  0.0000000E+000
