  1.0068812E+000 -7.0946927E-003 -3.9102473E-004 -4.6787367E-003 -9.9179535E-003
 -7.0946927E-003  9.9580360E-001  9.5249988E-006 -6.9590637E-003  6.3017687E-004
 -3.9102473E-004  9.5249988E-006  9.8826429E-001 -2.1105075E-003 -6.2142992E-003
 -4.6787367E-003 -6.9590637E-003 -2.1105075E-003  1.0023695E+000  1.0758687E-002
 -9.9179535E-003  6.3017687E-004 -6.2142992E-003  1.0758687E-002  9.8844225E-001

  1.4996411E+000 -2.4602842E-001  1.0459246E-003  9.4947557E-003  3.5852364E-003
 -2.0207484E-001  1.7892437E+000  2.6803465E-005  1.9310914E-003  2.5432303E-003
 -7.1236367E-004  8.8206442E-001  1.6366139E+000  7.0533732E-003 -5.3579207E-003
 -1.2044123E-003  9.0447048E-001 -7.2411406E-003  1.6559692E+000  4.6521435E-003
 -1.0859551E-002  8.9537042E-001 -1.2379684E-002  3.2775709E-003  1.6576687E+000

 -9.4792649E-001 -1.9768614E-002 -2.0541301E-003 -1.2950957E-002 -9.5129522E-003
 -2.4734856E-004 -9.4562344E-001 -1.1213405E-004 -1.7356157E-003 -4.8795788E-003
 -1.6741518E-003 -7.5835679E-001 -9.2902305E-001 -1.0917322E-002  1.0447069E-002
  1.9069900E-003 -8.1223876E-001  1.1370220E-002 -9.5770565E-001 -8.8514218E-003
  1.4144887E-002 -7.9206924E-001  1.8870960E-002 -4.6805570E-003 -9.6269843E-001

 -5.9632136E-004  1.5426038E-002 -1.8648363E-005  7.8016544E-003  6.9232700E-003
 -1.2858952E-003 -6.5608633E-003 -9.0903212E-004 -6.1195010E-004  4.7363653E-003
 -7.0037038E-004 -2.4879361E-002 -1.1135397E-002  6.0732236E-003 -6.7668701E-003
 -1.1229480E-003  7.3461218E-003 -6.1819206E-003  3.7069592E-003  4.8071312E-003
 -9.1851475E-003 -6.8266864E-003 -9.8397714E-003  1.4970753E-003  7.5381559E-003

