  9.4038267E-003 -4.2590859E-005
 -4.2590859E-005  4.8321276E-005

  1.4788170E+000 -9.6216189E-002
  2.4428429E-003  6.8070750E-001

 -1.7207173E-001  1.4576100E-001
 -2.7400538E-003 -6.9207629E-002

 -1.4373419E-001 -2.1296068E-001
  1.6969469E-003  2.2782857E-002

 -1.0624766E-001 -4.2410092E-001
 -5.9302712E-003 -6.7790932E-002

 -7.4986996E-002  1.7431835E-001
  3.9336590E-003  8.3591821E-002

 -4.7262402E-002 -4.2563192E-001
  4.4179747E-003 -6.2333212E-002

 -1.4902517E-002  4.9862777E-001
 -1.9633769E-003  5.0025885E-002

 -4.2679697E-003 -1.6138396E-001
 -5.2074856E-003  4.2618180E-002

  2.4469625E-002 -5.1061075E-001
  3.7038708E-003  4.2214319E-003

  4.4829330E-002  2.9016827E-001
 -2.8059082E-003  6.7700859E-002

  5.1347459E-002  9.1617614E-002
  3.4706479E-003 -6.2320396E-002

 -4.0941425E-002 -3.3907085E-001
 -9.4315385E-004  8.3456183E-002

