  0.0000000E+000  0.0000000E+000  0.0000000E+000  0.0000000E+000
  0.0000000E+000  5.8374135E-001  7.2969264E-003  0.0000000E+000
  0.0000000E+000  2.8217870E-001  7.8223463E-003  0.0000000E+000
  0.0000000E+000  1.4977053E-001  8.6500687E-003  0.0000000E+000
  0.0000000E+000  8.8932465E-002  9.7245265E-003  0.0000000E+000
  0.0000000E+000  5.7320938E-002  1.0991309E-002  0.0000000E+000
  0.0000000E+000  3.9162652E-002  1.2406301E-002  0.0000000E+000
  0.0000000E+000  2.7992769E-002  1.3938656E-002  0.0000000E+000
  0.0000000E+000  2.0917686E-002  1.5569422E-002  0.0000000E+000
  0.0000000E+000  1.6639527E-002  1.7288208E-002  0.0000000E+000
  0.0000000E+000  1.4770565E-002  1.9089605E-002  0.0000000E+000
  0.0000000E+000  1.5716108E-002  2.0970105E-002  0.0000000E+000
  0.0000000E+000  2.0968228E-002  2.2925684E-002  0.0000000E+000
  0.0000000E+000  3.3744617E-002  2.4949935E-002  0.0000000E+000
  0.0000000E+000  5.8775947E-002  2.7032533E-002  0.0000000E+000
  0.0000000E+000  9.5373058E-002  2.9157877E-002  0.0000000E+000
  0.0000000E+000  1.2331302E-001  3.1303802E-002  0.0000000E+000
  0.0000000E+000  1.2331062E-001  3.3440297E-002  0.0000000E+000
  0.0000000E+000  1.0700668E-001  3.5528306E-002  0.0000000E+000
  0.0000000E+000  8.9710673E-002  3.7518753E-002  0.0000000E+000
  0.0000000E+000  7.6187850E-002  3.9352101E-002  0.0000000E+000
  0.0000000E+000  6.6444967E-002  4.0958944E-002  0.0000000E+000
  0.0000000E+000  5.9590464E-002  4.2262351E-002  0.0000000E+000
  0.0000000E+000  5.4841543E-002  4.3182905E-002  0.0000000E+000
  0.0000000E+000  5.1651004E-002  4.3647474E-002  0.0000000E+000
  0.0000000E+000  4.9658707E-002  4.3602501E-002  0.0000000E+000
  0.0000000E+000  4.8630883E-002  4.3031764E-002  0.0000000E+000
  0.0000000E+000  4.8412872E-002  4.1976828E-002  0.0000000E+000
  0.0000000E+000  4.8892077E-002  4.0555867E-002  0.0000000E+000
  0.0000000E+000  4.9963264E-002  3.8974005E-002  0.0000000E+000
  0.0000000E+000  5.1488735E-002  3.7517406E-002  0.0000000E+000
  0.0000000E+000  5.3249474E-002  3.6526035E-002  0.0000000E+000
  0.0000000E+000  5.4895049E-002  3.6346776E-002  0.0000000E+000
  0.0000000E+000  5.5925567E-002  3.7277055E-002  0.0000000E+000
  0.0000000E+000  5.5768641E-002  3.9514506E-002  0.0000000E+000
  0.0000000E+000  5.3994793E-002  4.3126575E-002  0.0000000E+000
  0.0000000E+000  5.0584983E-002  4.8046129E-002  0.0000000E+000
  0.0000000E+000  4.6021921E-002  5.4089674E-002  0.0000000E+000
  0.0000000E+000  4.1079093E-002  6.0988910E-002  0.0000000E+000
  0.0000000E+000  3.6482617E-002  6.8425668E-002  0.0000000E+000
  0.0000000E+000  3.2708805E-002  7.6063331E-002  0.0000000E+000
  0.0000000E+000  2.9982127E-002  8.3571723E-002  0.0000000E+000
  0.0000000E+000  2.8374803E-002  9.0645347E-002  0.0000000E+000
  0.0000000E+000  2.7910989E-002  9.7016177E-002  0.0000000E+000
  0.0000000E+000  2.8639504E-002  1.0246235E-001  0.0000000E+000
  0.0000000E+000  3.0674763E-002  1.0681366E-001  0.0000000E+000
  0.0000000E+000  3.4207636E-002  1.0995425E-001  0.0000000E+000
  0.0000000E+000  3.9467107E-002  1.1182258E-001  0.0000000E+000
  0.0000000E+000  4.6575619E-002  1.1240870E-001  0.0000000E+000
  0.0000000E+000  5.5215312E-002  1.1174905E-001  0.0000000E+000
  0.0000000E+000  6.4145476E-002  1.0991924E-001  0.0000000E+000
  0.0000000E+000  7.1080706E-002  1.0702540E-001  0.0000000E+000
  0.0000000E+000  7.3751593E-002  1.0319507E-001  0.0000000E+000
  0.0000000E+000  7.1635532E-002  9.8568302E-002  0.0000000E+000
  0.0000000E+000  6.6229914E-002  9.3289701E-002  0.0000000E+000
  0.0000000E+000  5.9613181E-002  8.7501879E-002  0.0000000E+000
  0.0000000E+000  5.3239617E-002  8.1340534E-002  0.0000000E+000
  0.0000000E+000  4.7763406E-002  7.4931223E-002  0.0000000E+000
  0.0000000E+000  4.3334579E-002  6.8387708E-002  0.0000000E+000
  0.0000000E+000  3.9880378E-002  6.1811681E-002  0.0000000E+000
  0.0000000E+000  3.7261662E-002  5.5293647E-002  0.0000000E+000
  0.0000000E+000  3.5339982E-002  4.8914768E-002  0.0000000E+000
  0.0000000E+000  3.4000055E-002  4.2749495E-002  0.0000000E+000
  0.0000000E+000  3.3153792E-002  3.6868929E-002  0.0000000E+000
  0.0000000E+000  3.2737944E-002  3.1344879E-002  0.0000000E+000
  0.0000000E+000  3.2710306E-002  2.6254700E-002  0.0000000E+000
  0.0000000E+000  3.3046234E-002  2.1686995E-002  0.0000000E+000
  0.0000000E+000  3.3735965E-002  1.7748308E-002  0.0000000E+000
  0.0000000E+000  3.4782764E-002  1.4570746E-002  0.0000000E+000
  0.0000000E+000  3.6201772E-002  1.2320140E-002  0.0000000E+000
  0.0000000E+000  3.8019368E-002  1.1203505E-002  0.0000000E+000
  0.0000000E+000  4.0272862E-002  1.1472985E-002  0.0000000E+000
  0.0000000E+000  4.3010273E-002  1.3420799E-002  0.0000000E+000
  0.0000000E+000  4.6289878E-002  1.7356041E-002  0.0000000E+000
  0.0000000E+000  5.0179088E-002  2.3550828E-002  0.0000000E+000
  0.0000000E+000  5.4752028E-002  3.2144884E-002  0.0000000E+000
  0.0000000E+000  6.0084918E-002  4.3012395E-002  0.0000000E+000
  0.0000000E+000  6.6248139E-002  5.5630142E-002  0.0000000E+000
  0.0000000E+000  7.3293686E-002  6.9030460E-002  0.0000000E+000
  0.0000000E+000  8.1236964E-002  8.1929888E-002  0.0000000E+000
  0.0000000E+000  9.0032878E-002  9.3041882E-002  0.0000000E+000
  0.0000000E+000  9.9548470E-002  1.0143996E-001  0.0000000E+000
  0.0000000E+000  1.0953813E-001  1.0677441E-001  0.0000000E+000
  0.0000000E+000  1.1963180E-001  1.0924704E-001  0.0000000E+000
  0.0000000E+000  1.2934920E-001  1.0941295E-001  0.0000000E+000
  0.0000000E+000  1.3814923E-001  1.0794983E-001  0.0000000E+000
  0.0000000E+000  1.4551202E-001  1.0549136E-001  0.0000000E+000
  0.0000000E+000  1.5103323E-001  1.0254643E-001  0.0000000E+000
  0.0000000E+000  1.5449894E-001  9.9481505E-002  0.0000000E+000
  0.0000000E+000  1.5591358E-001  9.6535777E-002  0.0000000E+000
  0.0000000E+000  1.5547391E-001  9.3847111E-002  0.0000000E+000
  0.0000000E+000  1.5350491E-001  9.1477604E-002  0.0000000E+000
  0.0000000E+000  1.5038442E-001  8.9434631E-002  0.0000000E+000
  0.0000000E+000  1.4647975E-001  8.7686975E-002  0.0000000E+000
  0.0000000E+000  1.4210699E-001  8.6177058E-002  0.0000000E+000
  0.0000000E+000  1.3751295E-001  8.4830536E-002  0.0000000E+000
  0.0000000E+000  1.3287353E-001  8.3564270E-002  0.0000000E+000
  0.0000000E+000  1.2830143E-001  8.2293288E-002  0.0000000E+000
  0.0000000E+000  1.2385753E-001  8.0936949E-002  0.0000000E+000
  0.0000000E+000  1.1956251E-001  7.9424207E-002  0.0000000E+000
  0.0000000E+000  1.1540715E-001  7.7697694E-002  0.0000000E+000
  0.0000000E+000  1.1136087E-001  7.5716360E-002  0.0000000E+000
  0.0000000E+000  1.0737887E-001  7.3456491E-002  0.0000000E+000
  0.0000000E+000  1.0340824E-001  7.0911175E-002  0.0000000E+000
  0.0000000E+000  9.9394051E-002  6.8088467E-002  0.0000000E+000
  0.0000000E+000  9.5285674E-002  6.5008685E-002  0.0000000E+000
  0.0000000E+000  9.1044099E-002  6.1701333E-002  0.0000000E+000
  0.0000000E+000  8.6650018E-002  5.8202149E-002  0.0000000E+000
  0.0000000E+000  8.2112249E-002  5.4550671E-002  0.0000000E+000
  0.0000000E+000  7.7475181E-002  5.0788668E-002  0.0000000E+000
  0.0000000E+000  7.2823323E-002  4.6959657E-002  0.0000000E+000
  0.0000000E+000  6.8280815E-002  4.3109741E-002  0.0000000E+000
  0.0000000E+000  6.4004370E-002  3.9290002E-002  0.0000000E+000
  0.0000000E+000  6.0169626E-002  3.5560811E-002  0.0000000E+000
  0.0000000E+000  5.6953032E-002  3.1998483E-002  0.0000000E+000
  0.0000000E+000  5.4513120E-002  2.8704787E-002  0.0000000E+000
  0.0000000E+000  5.2975520E-002  2.5819504E-002  0.0000000E+000
  0.0000000E+000  5.2424951E-002  2.3535043E-002  0.0000000E+000
  0.0000000E+000  5.2905143E-002  2.2109062E-002  0.0000000E+000
  0.0000000E+000  5.4425447E-002  2.1864597E-002  0.0000000E+000
  0.0000000E+000  5.6971470E-002  2.3157439E-002  0.0000000E+000
  0.0000000E+000  6.0516906E-002  2.6283401E-002  0.0000000E+000
  0.0000000E+000  6.5034400E-002  3.1313724E-002  0.0000000E+000
  0.0000000E+000  7.0504221E-002  3.7910829E-002  0.0000000E+000
  0.0000000E+000  7.6920441E-002  4.5267326E-002  0.0000000E+000
  0.0000000E+000  8.4294786E-002  5.2304102E-002  0.0000000E+000
  0.0000000E+000  9.2658604E-002  5.8063569E-002  0.0000000E+000
  0.0000000E+000  1.0206328E-001  6.2028749E-002  0.0000000E+000
  0.0000000E+000  1.1257927E-001  6.4171669E-002  0.0000000E+000
  0.0000000E+000  1.2429366E-001  6.4787095E-002  0.0000000E+000
  0.0000000E+000  1.3730554E-001  6.4286114E-002  0.0000000E+000
  0.0000000E+000  1.5171833E-001  6.3058215E-002  0.0000000E+000
  0.0000000E+000  1.6762738E-001  6.1413737E-002  0.0000000E+000
  0.0000000E+000  1.8510036E-001  5.9576814E-002  0.0000000E+000
  0.0000000E+000  2.0414773E-001  5.7699593E-002  0.0000000E+000
  0.0000000E+000  2.2468012E-001  5.5880984E-002  0.0000000E+000
  0.0000000E+000  2.4645050E-001  5.4183026E-002  0.0000000E+000
  0.0000000E+000  2.6898301E-001  5.2643139E-002  0.0000000E+000
  0.0000000E+000  2.9149849E-001  5.1282517E-002  0.0000000E+000
  0.0000000E+000  3.1286049E-001  5.0111471E-002  0.0000000E+000
  0.0000000E+000  3.3158250E-001  4.9132481E-002  0.0000000E+000
  0.0000000E+000  3.4594650E-001  4.8341475E-002  0.0000000E+000
  0.0000000E+000  3.5426446E-001  4.7727635E-002  0.0000000E+000
  0.0000000E+000  3.5525433E-001  4.7271872E-002  0.0000000E+000
  0.0000000E+000  3.4841434E-001  4.6943975E-002  0.0000000E+000
  0.0000000E+000  3.3422833E-001  4.6698547E-002  0.0000000E+000
  0.0000000E+000  3.1408617E-001  4.6470090E-002  0.0000000E+000
  0.0000000E+000  2.8994589E-001  4.6168352E-002  0.0000000E+000
  0.0000000E+000  2.6389258E-001  4.5676252E-002  0.0000000E+000
  0.0000000E+000  2.3776929E-001  4.4854295E-002  0.0000000E+000
  0.0000000E+000  2.1297533E-001  4.3556285E-002  0.0000000E+000
  0.0000000E+000  1.9042826E-001  4.1659291E-002  0.0000000E+000
  0.0000000E+000  1.7063095E-001  3.9104008E-002  0.0000000E+000
  0.0000000E+000  1.5378006E-001  3.5930963E-002  0.0000000E+000
  0.0000000E+000  1.3987307E-001  3.2291568E-002  0.0000000E+000
  0.0000000E+000  1.2879385E-001  2.8421044E-002  0.0000000E+000
  0.0000000E+000  1.2037216E-001  2.4581831E-002  0.0000000E+000
  0.0000000E+000  1.1442020E-001  2.1004177E-002  0.0000000E+000
  0.0000000E+000  1.1075097E-001  1.7848844E-002  0.0000000E+000
  0.0000000E+000  1.0918312E-001  1.5199656E-002  0.0000000E+000
  0.0000000E+000  1.0953552E-001  1.3077495E-002  0.0000000E+000
  0.0000000E+000  1.1161349E-001  1.1462415E-002  0.0000000E+000
  0.0000000E+000  1.1518834E-001  1.0314172E-002  0.0000000E+000
  0.0000000E+000  1.1997211E-001  9.5871167E-003  0.0000000E+000
  0.0000000E+000  1.2559117E-001  9.2392895E-003  0.0000000E+000
  0.0000000E+000  1.3156536E-001  9.2371654E-003  0.0000000E+000
  0.0000000E+000  1.3730287E-001  9.5576983E-003  0.0000000E+000
  0.0000000E+000  1.4212322E-001  1.0188951E-002  0.0000000E+000
  0.0000000E+000  1.4531748E-001  1.1130163E-002  0.0000000E+000
  0.0000000E+000  1.4624432E-001  1.2391760E-002  0.0000000E+000
  0.0000000E+000  1.4444255E-001  1.3995583E-002  0.0000000E+000
  0.0000000E+000  1.3972539E-001  1.5975465E-002  0.0000000E+000
  0.0000000E+000  1.3222032E-001  1.8378202E-002  0.0000000E+000
  0.0000000E+000  1.2233730E-001  2.1264878E-002  0.0000000E+000
  0.0000000E+000  1.1067799E-001  2.4712378E-002  0.0000000E+000
  0.0000000E+000  9.7920704E-002  2.8814758E-002  0.0000000E+000
  0.0000000E+000  8.4717998E-002  3.3683744E-002  0.0000000E+000
  0.0000000E+000  7.1629496E-002  3.9447076E-002  0.0000000E+000
  0.0000000E+000  5.9094018E-002  4.6242361E-002  0.0000000E+000
  0.0000000E+000  4.7432261E-002  5.4202666E-002  0.0000000E+000
  0.0000000E+000  3.6867160E-002  6.3428252E-002  0.0000000E+000
  0.0000000E+000  2.7550620E-002  7.3937674E-002  0.0000000E+000
  0.0000000E+000  1.9589083E-002  8.5593414E-002  0.0000000E+000
  0.0000000E+000  1.3063750E-002  9.8007334E-002  0.0000000E+000
  0.0000000E+000  8.0434655E-003  1.1045511E-001  0.0000000E+000
  0.0000000E+000  4.5893576E-003  1.2186343E-001  0.0000000E+000
  0.0000000E+000  2.7507670E-003  1.3095067E-001  0.0000000E+000
  0.0000000E+000  2.5525446E-003  1.3654902E-001  0.0000000E+000
  0.0000000E+000  3.9749458E-003  1.3799812E-001  0.0000000E+000
  0.0000000E+000  6.9295017E-003  1.3538624E-001  0.0000000E+000
  0.0000000E+000  1.1237133E-002  1.2948069E-001  0.0000000E+000
  0.0000000E+000  1.6617156E-002  1.2140871E-001  0.0000000E+000
  0.0000000E+000  2.2695618E-002  1.1229959E-001  0.0000000E+000
  0.0000000E+000  2.9036929E-002  1.0305435E-001  0.0000000E+000
  0.0000000E+000  3.5194441E-002  9.4274794E-002  0.0000000E+000
  0.0000000E+000  4.0767331E-002  8.6297097E-002  0.0000000E+000
  0.0000000E+000  4.5447776E-002  7.9264211E-002  0.0000000E+000
  0.0000000E+000  4.9046320E-002  7.3196682E-002  0.0000000E+000
  0.0000000E+000  5.1492219E-002  6.8046384E-002  0.0000000E+000
  0.0000000E+000  5.2814132E-002  6.3731931E-002  0.0000000E+000
  0.0000000E+000  5.3110791E-002  6.0159717E-002  0.0000000E+000
  0.0000000E+000  5.2520869E-002  5.7235222E-002  0.0000000E+000
  0.0000000E+000  5.1197977E-002  5.4868282E-002  0.0000000E+000
  0.0000000E+000  4.9293144E-002  5.2974856E-002  0.0000000E+000
  0.0000000E+000  4.6944557E-002  5.1476904E-002  0.0000000E+000
  0.0000000E+000  4.4273082E-002  5.0301378E-002  0.0000000E+000
  0.0000000E+000  4.1381818E-002  4.9378918E-002  0.0000000E+000
  0.0000000E+000  3.8358228E-002  4.8642649E-002  0.0000000E+000
  0.0000000E+000  3.5277832E-002  4.8027354E-002  0.0000000E+000
  0.0000000E+000  3.2208925E-002  4.7469223E-002  0.0000000E+000
  0.0000000E+000  2.9218194E-002  4.6906330E-002  0.0000000E+000
  0.0000000E+000  2.6377464E-002  4.6279900E-002  0.0000000E+000
  0.0000000E+000  2.3772134E-002  4.5536345E-002  0.0000000E+000
  0.0000000E+000  2.1512229E-002  4.4629853E-002  0.0000000E+000
  0.0000000E+000  1.9747255E-002  4.3525196E-002  0.0000000E+000
  0.0000000E+000  1.8686203E-002  4.2200253E-002  0.0000000E+000
  0.0000000E+000  1.8623255E-002  4.0647711E-002  0.0000000E+000
  0.0000000E+000  1.9966555E-002  3.8875493E-002  0.0000000E+000
  0.0000000E+000  2.3257935E-002  3.6905676E-002  0.0000000E+000
  0.0000000E+000  2.9149241E-002  3.4771969E-002  0.0000000E+000
  0.0000000E+000  3.8261230E-002  3.2516103E-002  0.0000000E+000
  0.0000000E+000  5.0817610E-002  3.0183730E-002  0.0000000E+000
  0.0000000E+000  6.6032214E-002  2.7820403E-002  0.0000000E+000
  0.0000000E+000  8.1609416E-002  2.5468183E-002  0.0000000E+000
  0.0000000E+000  9.4177723E-002  2.3163171E-002  0.0000000E+000
  0.0000000E+000  1.0094349E-001  2.0934079E-002  0.0000000E+000
  0.0000000E+000  1.0121315E-001  1.8801769E-002  0.0000000E+000
  0.0000000E+000  9.6288058E-002  1.6779632E-002  0.0000000E+000
  0.0000000E+000  8.8212409E-002  1.4874640E-002  0.0000000E+000
  0.0000000E+000  7.8743525E-002  1.3088979E-002  0.0000000E+000
  0.0000000E+000  6.9020482E-002  1.1422209E-002  0.0000000E+000
  0.0000000E+000  5.9652488E-002  9.8738684E-003  0.0000000E+000
  0.0000000E+000  5.0909091E-002  8.4462147E-003  0.0000000E+000
  0.0000000E+000  4.2875612E-002  7.1462763E-003  0.0000000E+000
  0.0000000E+000  3.5551435E-002  5.9859120E-003  0.0000000E+000
  0.0000000E+000  2.8905254E-002  4.9787385E-003  0.0000000E+000
  0.0000000E+000  2.2904315E-002  4.1343781E-003  0.0000000E+000
  0.0000000E+000  1.7529626E-002  3.4527824E-003  0.0000000E+000
  0.0000000E+000  1.2784186E-002  2.9220639E-003  0.0000000E+000
  0.0000000E+000  8.6980270E-003  2.5210050E-003  0.0000000E+000
  0.0000000E+000  5.3319910E-003  2.2242626E-003  0.0000000E+000
  0.0000000E+000  2.7809822E-003  2.0072461E-003  0.0000000E+000
  0.0000000E+000  1.1767584E-003  1.8489466E-003  0.0000000E+000
  0.0000000E+000  6.8969881E-004  1.7327059E-003  0.0000000E+000
  0.0000000E+000  1.5284222E-003  1.6457342E-003  0.0000000E+000
  0.0000000E+000  3.9355265E-003  1.5781693E-003  0.0000000E+000
  0.0000000E+000  8.1771824E-003  1.5221483E-003  0.0000000E+000
  0.0000000E+000  1.4524082E-002  1.4710803E-003  0.0000000E+000
  0.0000000E+000  2.3221736E-002  1.4191531E-003  0.0000000E+000
  0.0000000E+000  3.4449889E-002  1.3610501E-003  0.0000000E+000
  0.0000000E+000  4.8274242E-002  1.2918470E-003  0.0000000E+000
  0.0000000E+000  6.4598473E-002  1.2070756E-003  0.0000000E+000
  0.0000000E+000  8.3129221E-002  1.1029691E-003  0.0000000E+000
  0.0000000E+000  1.0336839E-001  9.7693753E-004  0.0000000E+000
  0.0000000E+000  1.2464304E-001  8.2836300E-004  0.0000000E+000
  0.0000000E+000  1.4617280E-001  6.5986554E-004  0.0000000E+000
  0.0000000E+000  1.6716131E-001  4.7926508E-004  0.0000000E+000
  0.0000000E+000  1.8688921E-001  3.0257187E-004  0.0000000E+000
  0.0000000E+000  2.0478526E-001  1.5846195E-004  0.0000000E+000
  0.0000000E+000  2.2046170E-001  9.4808273E-005  0.0000000E+000
  0.0000000E+000  2.3371213E-001  1.8783568E-004  0.0000000E+000
  0.0000000E+000  2.4448109E-001  5.5409172E-004  0.0000000E+000
  0.0000000E+000  2.5281859E-001  1.3641293E-003  0.0000000E+000
  0.0000000E+000  2.5883189E-001  2.8536710E-003  0.0000000E+000
  0.0000000E+000  2.6264270E-001  5.3221505E-003  0.0000000E+000
  0.0000000E+000  2.6435348E-001  9.1007929E-003  0.0000000E+000
  0.0000000E+000  2.6402384E-001  1.4469693E-002  0.0000000E+000
  0.0000000E+000  2.6165613E-001  2.1521732E-002  0.0000000E+000
  0.0000000E+000  2.5718990E-001  3.0023299E-002  0.0000000E+000
  0.0000000E+000  2.5050538E-001  3.9377641E-002  0.0000000E+000
  0.0000000E+000  2.4143805E-001  4.8770991E-002  0.0000000E+000
  0.0000000E+000  2.2980755E-001  5.7443710E-002  0.0000000E+000
  0.0000000E+000  2.1546475E-001  6.4914397E-002  0.0000000E+000
  0.0000000E+000  1.9835912E-001  7.1037621E-002  0.0000000E+000
  0.0000000E+000  1.7862229E-001  7.5920687E-002  0.0000000E+000
  0.0000000E+000  1.5665304E-001  7.9797102E-002  0.0000000E+000
  0.0000000E+000  1.3317502E-001  8.2927253E-002  0.0000000E+000
  0.0000000E+000  1.0923017E-001  8.5544503E-002  0.0000000E+000
  0.0000000E+000  8.6079920E-002  8.7836037E-002  0.0000000E+000
  0.0000000E+000  6.5018813E-002  8.9942584E-002  0.0000000E+000
  0.0000000E+000  4.7149859E-002  9.1965615E-002  0.0000000E+000
  0.0000000E+000  3.3198069E-002  9.3975964E-002  0.0000000E+000
  0.0000000E+000  2.3424916E-002  9.6021297E-002  0.0000000E+000
  0.0000000E+000  1.7658832E-002  9.8131652E-002  0.0000000E+000
  0.0000000E+000  1.5408559E-002  1.0032299E-001  0.0000000E+000
  0.0000000E+000  1.6005320E-002  1.0259892E-001  0.0000000E+000
  0.0000000E+000  1.8728927E-002  1.0495060E-001  0.0000000E+000
  0.0000000E+000  2.2895874E-002  1.0735477E-001  0.0000000E+000
  0.0000000E+000  2.7907795E-002  1.0976956E-001  0.0000000E+000
  0.0000000E+000  3.3269444E-002  1.1212734E-001  0.0000000E+000
  0.0000000E+000  3.8587842E-002  1.1432365E-001  0.0000000E+000
  0.0000000E+000  4.3562236E-002  1.1620070E-001  0.0000000E+000
  0.0000000E+000  4.7971178E-002  1.1752403E-001  0.0000000E+000
  0.0000000E+000  5.1660113E-002  1.1795158E-001  0.0000000E+000
  0.0000000E+000  5.4530798E-002  1.1699811E-001  0.0000000E+000
  0.0000000E+000  5.6532690E-002  1.1400757E-001  0.0000000E+000
  0.0000000E+000  5.7655824E-002  1.0816760E-001  0.0000000E+000
  0.0000000E+000  5.7924571E-002  9.8634719E-002  0.0000000E+000
  0.0000000E+000  5.7391745E-002  8.4863723E-002  0.0000000E+000
  0.0000000E+000  5.6132712E-002  6.7165034E-002  0.0000000E+000
  0.0000000E+000  5.4239421E-002  4.7237379E-002  0.0000000E+000
  0.0000000E+000  5.1814472E-002  2.8079505E-002  0.0000000E+000
  0.0000000E+000  4.8965474E-002  1.2907199E-002  0.0000000E+000
  0.0000000E+000  4.5799993E-002  3.7243538E-003  0.0000000E+000
  0.0000000E+000  4.2421355E-002  7.2494266E-004  0.0000000E+000
  0.0000000E+000  3.8925479E-002  2.7970498E-003  0.0000000E+000
  0.0000000E+000  3.5398830E-002  8.4011316E-003  0.0000000E+000
  0.0000000E+000  3.1917421E-002  1.6170024E-002  0.0000000E+000
  0.0000000E+000  2.8546769E-002  2.5119149E-002  0.0000000E+000
  0.0000000E+000  2.5342633E-002  3.4627903E-002  0.0000000E+000
  0.0000000E+000  2.2352338E-002  4.4346340E-002  0.0000000E+000
  0.0000000E+000  1.9616533E-002  5.4103113E-002  0.0000000E+000
  0.0000000E+000  1.7171224E-002  6.3837073E-002  0.0000000E+000
  0.0000000E+000  1.5049984E-002  7.3552364E-002  0.0000000E+000
  0.0000000E+000  1.3286255E-002  8.3290863E-002  0.0000000E+000
  0.0000000E+000  1.1915692E-002  9.3115938E-002  0.0000000E+000
  0.0000000E+000  1.0978491E-002  1.0310309E-001  0.0000000E+000
  0.0000000E+000  1.0521632E-002  1.1333452E-001  0.0000000E+000
  0.0000000E+000  1.0600879E-002  1.2389553E-001  0.0000000E+000
  0.0000000E+000  1.1282296E-002  1.3487156E-001  0.0000000E+000
  0.0000000E+000  1.2642784E-002  1.4634446E-001  0.0000000E+000
  0.0000000E+000  1.4768884E-002  1.5838684E-001  0.0000000E+000
  0.0000000E+000  1.7752669E-002  1.7105306E-001  0.0000000E+000
  0.0000000E+000  2.1683073E-002  1.8436470E-001  0.0000000E+000
  0.0000000E+000  2.6630734E-002  1.9828801E-001  0.0000000E+000
  0.0000000E+000  3.2624659E-002  2.1270005E-001  0.0000000E+000
  0.0000000E+000  3.9620565E-002  2.2734050E-001  0.0000000E+000
  0.0000000E+000  4.7464430E-002  2.4174834E-001  0.0000000E+000
  0.0000000E+000  5.5860723E-002  2.5518893E-001  0.0000000E+000
  0.0000000E+000  6.4361274E-002  2.6659142E-001  0.0000000E+000
  0.0000000E+000  7.2392686E-002  2.7453931E-001  0.0000000E+000
  0.0000000E+000  7.9331315E-002  2.7738163E-001  0.0000000E+000
  0.0000000E+000  8.4613745E-002  2.7353089E-001  0.0000000E+000
  0.0000000E+000  8.7847628E-002  2.6194402E-001  0.0000000E+000
  0.0000000E+000  8.8880824E-002  2.4263236E-001  0.0000000E+000
  0.0000000E+000  8.7804950E-002  2.1691200E-001  0.0000000E+000
  0.0000000E+000  8.4900970E-002  1.8716702E-001  0.0000000E+000
  0.0000000E+000  8.0556932E-002  1.5619371E-001  0.0000000E+000
  0.0000000E+000  7.5189735E-002  1.2647455E-001  0.0000000E+000
  0.0000000E+000  6.9189720E-002  9.9723982E-002  0.0000000E+000
  0.0000000E+000  6.2891670E-002  7.6805098E-002  0.0000000E+000
  0.0000000E+000  5.6566471E-002  5.7899290E-002  0.0000000E+000
  0.0000000E+000  5.0425104E-002  4.2757684E-002  0.0000000E+000
  0.0000000E+000  4.4627946E-002  3.0921646E-002  0.0000000E+000
  0.0000000E+000  3.9294979E-002  2.1873198E-002  0.0000000E+000
  0.0000000E+000  3.4514760E-002  1.5120139E-002  0.0000000E+000
  0.0000000E+000  3.0351543E-002  1.0235262E-002  0.0000000E+000
  0.0000000E+000  2.6850736E-002  6.8683954E-003  0.0000000E+000
  0.0000000E+000  2.4043203E-002  4.7445828E-003  0.0000000E+000
  0.0000000E+000  2.1948933E-002  3.6564315E-003  0.0000000E+000
  0.0000000E+000  2.0580476E-002  3.4549644E-003  0.0000000E+000
  0.0000000E+000  1.9946412E-002  4.0409945E-003  0.0000000E+000
  0.0000000E+000  2.0054936E-002  5.3577667E-003  0.0000000E+000
  0.0000000E+000  2.0917587E-002  7.3849186E-003  0.0000000E+000
  0.0000000E+000  2.2553047E-002  1.0133440E-002  0.0000000E+000
  0.0000000E+000  2.4990925E-002  1.3641070E-002  0.0000000E+000
  0.0000000E+000  2.8275389E-002  1.7967388E-002  0.0000000E+000
  0.0000000E+000  3.2468375E-002  2.3187650E-002  0.0000000E+000
  0.0000000E+000  3.7651904E-002  2.9384249E-002  0.0000000E+000
  0.0000000E+000  4.3928501E-002  3.6634580E-002  0.0000000E+000
  0.0000000E+000  5.1417871E-002  4.4994197E-002  0.0000000E+000
  0.0000000E+000  6.0246465E-002  5.4474758E-002  0.0000000E+000
  0.0000000E+000  7.0524314E-002  6.5017595E-002  0.0000000E+000
  0.0000000E+000  8.2300641E-002  7.6466005E-002  0.0000000E+000
  0.0000000E+000  9.5487785E-002  8.8542370E-002  0.0000000E+000
  0.0000000E+000  1.0974631E-001  1.0083890E-001  0.0000000E+000
  0.0000000E+000  1.2434232E-001  1.1283136E-001  0.0000000E+000
  0.0000000E+000  1.3803235E-001  1.2392146E-001  0.0000000E+000
  0.0000000E+000  1.4909578E-001  1.3350518E-001  0.0000000E+000
  0.0000000E+000  1.5565797E-001  1.4105352E-001  0.0000000E+000
  0.0000000E+000  1.5631292E-001  1.4618501E-001  0.0000000E+000
  0.0000000E+000  1.5075768E-001  1.4871019E-001  0.0000000E+000
  0.0000000E+000  1.3998336E-001  1.4863804E-001  0.0000000E+000
  0.0000000E+000  1.2585073E-001  1.4614788E-001  0.0000000E+000
  0.0000000E+000  1.1037050E-001  1.4153988E-001  0.0000000E+000
  0.0000000E+000  9.5149718E-002  1.3518045E-001  0.0000000E+000
  0.0000000E+000  8.1196216E-002  1.2745486E-001  0.0000000E+000
  0.0000000E+000  6.8989028E-002  1.1873343E-001  0.0000000E+000
  0.0000000E+000  5.8647299E-002  1.0935198E-001  0.0000000E+000
  0.0000000E+000  5.0089224E-002  9.9603975E-002  0.0000000E+000
  0.0000000E+000  4.3143934E-002  8.9740651E-002  0.0000000E+000
  0.0000000E+000  3.7618067E-002  7.9975613E-002  0.0000000E+000
  0.0000000E+000  3.3330455E-002  7.0491327E-002  0.0000000E+000
  0.0000000E+000  3.0127744E-002  6.1445764E-002  0.0000000E+000
  0.0000000E+000  2.7889903E-002  5.2978260E-002  0.0000000E+000
  0.0000000E+000  2.6531073E-002  4.5214137E-002  0.0000000E+000
  0.0000000E+000  2.5998809E-002  3.8267970E-002  0.0000000E+000
  0.0000000E+000  2.6273346E-002  3.2245569E-002  0.0000000E+000
  0.0000000E+000  2.7367725E-002  2.7244773E-002  0.0000000E+000
  0.0000000E+000  2.9329224E-002  2.3355239E-002  0.0000000E+000
  0.0000000E+000  3.2242258E-002  2.0657309E-002  0.0000000E+000
  0.0000000E+000  3.6232713E-002  1.9220065E-002  0.0000000E+000
  0.0000000E+000  4.1473241E-002  1.9098572E-002  0.0000000E+000
  0.0000000E+000  4.8188211E-002  2.0330301E-002  0.0000000E+000
  0.0000000E+000  5.6655284E-002  2.2930629E-002  0.0000000E+000
  0.0000000E+000  6.7197264E-002  2.6887353E-002  0.0000000E+000
  0.0000000E+000  8.0152023E-002  3.2154138E-002  0.0000000E+000
  0.0000000E+000  9.5799531E-002  3.8643004E-002  0.0000000E+000
  0.0000000E+000  1.1421607E-001  4.6216176E-002  0.0000000E+000
  0.0000000E+000  1.3502887E-001  5.4678107E-002  0.0000000E+000
  0.0000000E+000  1.5709016E-001  6.3769072E-002  0.0000000E+000
  0.0000000E+000  1.7821643E-001  7.3162495E-002  0.0000000E+000
  0.0000000E+000  1.9531541E-001  8.2468814E-002  0.0000000E+000
  0.0000000E+000  2.0521341E-001  9.1248941E-002  0.0000000E+000
  0.0000000E+000  2.0598850E-001  9.9039657E-002  0.0000000E+000
  0.0000000E+000  1.9790593E-001  1.0539124E-001  0.0000000E+000
  0.0000000E+000  1.8316466E-001  1.0991426E-001  0.0000000E+000
  0.0000000E+000  1.6473393E-001  1.1232832E-001  0.0000000E+000
  0.0000000E+000  1.4523471E-001  1.1250281E-001  0.0000000E+000
  0.0000000E+000  1.2643262E-001  1.1047917E-001  0.0000000E+000
  0.0000000E+000  1.0926017E-001  1.0646826E-001  0.0000000E+000
  0.0000000E+000  9.4058854E-002  1.0082268E-001  0.0000000E+000
  0.0000000E+000  8.0826482E-002  9.3990706E-002  0.0000000E+000
  0.0000000E+000  6.9394222E-002  8.6462995E-002  0.0000000E+000
  0.0000000E+000  5.9532254E-002  7.8723096E-002  0.0000000E+000
  0.0000000E+000  5.1005289E-002  7.1209715E-002  0.0000000E+000
  0.0000000E+000  4.3598219E-002  6.4293953E-002  0.0000000E+000
  0.0000000E+000  3.7125875E-002  5.8270546E-002  0.0000000E+000
  0.0000000E+000  3.1435278E-002  5.3359599E-002  0.0000000E+000
  0.0000000E+000  2.6405089E-002  4.9714407E-002  0.0000000E+000
  0.0000000E+000  2.1944957E-002  4.7431339E-002  0.0000000E+000
  0.0000000E+000  1.7996489E-002  4.6558572E-002  0.0000000E+000
  0.0000000E+000  1.4537418E-002  4.7101477E-002  0.0000000E+000
  0.0000000E+000  1.1590922E-002  4.9023295E-002  0.0000000E+000
  0.0000000E+000  9.2430766E-003  5.2240584E-002  0.0000000E+000
  0.0000000E+000  7.6729945E-003  5.6613899E-002  0.0000000E+000
  0.0000000E+000  7.2021579E-003  6.1935623E-002  0.0000000E+000
  0.0000000E+000  8.3697542E-003  6.7918804E-002  0.0000000E+000
  0.0000000E+000  1.2032534E-002  7.4193181E-002  0.0000000E+000
  0.0000000E+000  1.9449985E-002  8.0315991E-002  0.0000000E+000
  0.0000000E+000  3.2205082E-002  8.5804075E-002  0.0000000E+000
  0.0000000E+000  5.1606162E-002  9.0188257E-002  0.0000000E+000
  0.0000000E+000  7.7188155E-002  9.3081487E-002  0.0000000E+000
  0.0000000E+000  1.0499548E-001  9.4242670E-002  0.0000000E+000
  0.0000000E+000  1.2835089E-001  9.3614986E-002  0.0000000E+000
  0.0000000E+000  1.4219870E-001  9.1325063E-002  0.0000000E+000
  0.0000000E+000  1.4627467E-001  8.7644363E-002  0.0000000E+000
  0.0000000E+000  1.4362766E-001  8.2928080E-002  0.0000000E+000
  0.0000000E+000  1.3764683E-001  7.7551845E-002  0.0000000E+000
  0.0000000E+000  1.3066022E-001  7.1862013E-002  0.0000000E+000
  0.0000000E+000  1.2391855E-001  6.6146189E-002  0.0000000E+000
  0.0000000E+000  1.1797970E-001  6.0622661E-002  0.0000000E+000
  0.0000000E+000  1.1303599E-001  5.5443238E-002  0.0000000E+000
  0.0000000E+000  1.0911027E-001  5.0703398E-002  0.0000000E+000
  0.0000000E+000  1.0615728E-001  4.6454959E-002  0.0000000E+000
  0.0000000E+000  1.0411142E-001  4.2718351E-002  0.0000000E+000
  0.0000000E+000  1.0290676E-001  3.9493055E-002  0.0000000E+000
  0.0000000E+000  1.0248304E-001  3.6765821E-002  0.0000000E+000
  0.0000000E+000  1.0278385E-001  3.4516782E-002  0.0000000E+000
  0.0000000E+000  1.0374974E-001  3.2723853E-002  0.0000000E+000
  0.0000000E+000  1.0530626E-001  3.1365805E-002  0.0000000E+000
  0.0000000E+000  1.0734674E-001  3.0424400E-002  0.0000000E+000
  0.0000000E+000  1.0970897E-001  2.9885877E-002  0.0000000E+000
  0.0000000E+000  1.1214732E-001  2.9742038E-002  0.0000000E+000
  0.0000000E+000  1.1430633E-001  2.9991068E-002  0.0000000E+000
  0.0000000E+000  1.1571005E-001  3.0638199E-002  0.0000000E+000
  0.0000000E+000  1.1579147E-001  3.1696249E-002  0.0000000E+000
  0.0000000E+000  1.1398700E-001  3.3185968E-002  0.0000000E+000
  0.0000000E+000  1.0989760E-001  3.5136063E-002  0.0000000E+000
  0.0000000E+000  1.0346371E-001  3.7582570E-002  0.0000000E+000
  0.0000000E+000  9.5053234E-002  4.0567057E-002  0.0000000E+000
  0.0000000E+000  8.5385078E-002  4.4132795E-002  0.0000000E+000
  0.0000000E+000  7.5315477E-002  4.8317682E-002  0.0000000E+000
  0.0000000E+000  6.5606536E-002  5.3142345E-002  0.0000000E+000
  0.0000000E+000  5.6786317E-002  5.8591856E-002  0.0000000E+000
  0.0000000E+000  4.9126153E-002  6.4590578E-002  0.0000000E+000
  0.0000000E+000  4.2693862E-002  7.0972640E-002  0.0000000E+000
  0.0000000E+000  3.7429391E-002  7.7456473E-002  0.0000000E+000
  0.0000000E+000  3.3209836E-002  8.3639324E-002  0.0000000E+000
  0.0000000E+000  2.9893340E-002  8.9031622E-002  0.0000000E+000
  0.0000000E+000  2.7343875E-002  9.3141904E-002  0.0000000E+000
  0.0000000E+000  2.5442752E-002  9.5596048E-002  0.0000000E+000
  0.0000000E+000  2.4092202E-002  9.6243179E-002  0.0000000E+000
  0.0000000E+000  2.3214751E-002  9.5194546E-002  0.0000000E+000
  0.0000000E+000  2.2750467E-002  9.2776003E-002  0.0000000E+000
  0.0000000E+000  2.2653054E-002  8.9424036E-002  0.0000000E+000
  0.0000000E+000  2.2884907E-002  8.5578189E-002  0.0000000E+000
  0.0000000E+000  2.3410739E-002  8.1608242E-002  0.0000000E+000
  0.0000000E+000  2.4188991E-002  7.7784951E-002  0.0000000E+000
  0.0000000E+000  2.5160289E-002  7.4282969E-002  0.0000000E+000
  0.0000000E+000  2.6233138E-002  7.1199620E-002  0.0000000E+000
  0.0000000E+000  2.7269759E-002  6.8577275E-002  0.0000000E+000
  0.0000000E+000  2.8080141E-002  6.6422926E-002  0.0000000E+000
  0.0000000E+000  2.8437950E-002  6.4722916E-002  0.0000000E+000
  0.0000000E+000  2.8130265E-002  6.3452931E-002  0.0000000E+000
  0.0000000E+000  2.7033956E-002  6.2584261E-002  0.0000000E+000
  0.0000000E+000  2.5179808E-002  6.2087354E-002  0.0000000E+000
  0.0000000E+000  2.2755431E-002  6.1933536E-002  0.0000000E+000
  0.0000000E+000  2.0037115E-002  6.2095519E-002  0.0000000E+000
  0.0000000E+000  1.7295478E-002  6.2547089E-002  0.0000000E+000
  0.0000000E+000  1.4729919E-002  6.3262263E-002  0.0000000E+000
  0.0000000E+000  1.2451171E-002  6.4214049E-002  0.0000000E+000
  0.0000000E+000  1.0497112E-002  6.5372956E-002  0.0000000E+000
  0.0000000E+000  8.8591241E-003  6.6705363E-002  0.0000000E+000
  0.0000000E+000  7.5050507E-003  6.8171927E-002  0.0000000E+000
  0.0000000E+000  6.3944998E-003  6.9726266E-002  0.0000000E+000
  0.0000000E+000  5.4873357E-003  7.1314261E-002  0.0000000E+000
  0.0000000E+000  4.7475953E-003  7.2874413E-002  0.0000000E+000
  0.0000000E+000  4.1447823E-003  7.4339709E-002  0.0000000E+000
  0.0000000E+000  3.6538437E-003  7.5641340E-002  0.0000000E+000
  0.0000000E+000  3.2545826E-003  7.6714332E-002  0.0000000E+000
  0.0000000E+000  2.9308957E-003  7.7504622E-002  0.0000000E+000
  0.0000000E+000  2.6700164E-003  7.7976542E-002  0.0000000E+000
  0.0000000E+000  2.4618278E-003  7.8119164E-002  0.0000000E+000
  0.0000000E+000  2.2982554E-003  7.7949900E-002  0.0000000E+000
  0.0000000E+000  2.1727222E-003  7.7514173E-002  0.0000000E+000
  0.0000000E+000  2.0796455E-003  7.6880952E-002  0.0000000E+000
  0.0000000E+000  2.0139680E-003  7.6134955E-002  0.0000000E+000
  0.0000000E+000  1.9707560E-003  7.5367101E-002  0.0000000E+000
  0.0000000E+000  1.9449590E-003  7.4664946E-002  0.0000000E+000
  0.0000000E+000  1.9314784E-003  7.4104465E-002  0.0000000E+000
  0.0000000E+000  1.9256589E-003  7.3743869E-002  0.0000000E+000
