    2.3674    0.0004
    2.5330    0.0143
    2.6711    0.0178
    2.7746    0.0216
    2.8390    0.0079
    2.8633    0.0055
    2.8501    0.0165
    2.8054    0.0193
    2.7385    0.0082
    2.6610    0.0081
    2.5861    0.0015
    2.5272    0.0063
    2.4972    0.0129
    2.5066    0.0195
    2.5632    0.0062
    2.6705    0.0133
    2.8280    0.0224
    3.0305    0.0258
    3.2685    0.0195
    3.5281    0.0036
    3.7928    0.0036
    4.0436    0.0049
    4.2607    0.0152
    4.4250    0.0040
    4.5188    0.0010
    4.5278    0.0014
    4.4416    0.0136
    4.2545    0.0127
    3.9662    0.0129
    3.5821    0.0135
    3.1128    0.0351
    2.5734    0.0166
    1.9833    0.0206
    1.3644    0.0258
    0.7403    0.0128
    0.1346    0.0039
   -0.4307    0.0024
   -0.9356    0.0223
   -1.3644    0.0191
   -1.7062    0.0310
   -1.9551    0.0315
   -2.1108    0.0188
   -2.1784    0.0402
   -2.1676    0.0469
   -2.0922    0.0378
   -1.9685    0.0125
   -1.8144    0.0031
   -1.6481    0.0145
   -1.4863    0.0446
   -1.3437    0.0595
   -1.2316    0.0629
   -1.1576    0.0550
   -1.1252    0.0515
   -1.1341    0.0201
   -1.1804    0.0146
   -1.2574    0.0025
   -1.3563    0.0047
   -1.4676    0.0028
   -1.5818    0.0030
   -1.6902    0.0144
   -1.7860    0.0097
   -1.8644    0.0143
   -1.9229    0.0026
   -1.9613    0.0068
   -1.9814    0.0261
   -1.9865    0.0218
   -1.9805    0.0157
   -1.9672    0.0155
   -1.9500    0.0006
   -1.9309    0.0117
   -1.9101    0.0025
   -1.8862    0.0120
   -1.8562    0.0153
   -1.8158    0.0354
   -1.7600    0.0368
   -1.6840    0.0194
   -1.5840    0.0326
   -1.4578    0.0180
   -1.3056    0.0115
   -1.1302    0.0008
   -0.9372    0.0044
   -0.7348    0.0183
   -0.5327    0.0048
   -0.3420    0.0011
   -0.1732    0.0002
   -0.0360    0.0045
    0.0626    0.0108
    0.1188    0.0159
    0.1330    0.0254
    0.1097    0.0292
    0.0579    0.0251
   -0.0101    0.0316
   -0.0790    0.0386
   -0.1323    0.0291
   -0.1538    0.0182
   -0.1287    0.0001
   -0.0455    0.0144
    0.1032    0.0165
    0.3192    0.0067
    0.5989    0.0232
    0.9332    0.0249
    1.3082    0.0094
    1.7065    0.0222
    2.1079    0.0084
    2.4922    0.0071
    2.8398    0.0135
    3.1344    0.0037
    3.3636    0.0086
    3.5201    0.0062
    3.6024    0.0057
    3.6144    0.0125
    3.5651    0.0005
    3.4672    0.0247
    3.3360    0.0162
    3.1877    0.0236
    3.0375    0.0162
    2.8983    0.0105
    2.7795    0.0100
    2.6860    0.0014
    2.6178    0.0045
    2.5705    0.0071
    2.5356    0.0068
    2.5018    0.0054
    2.4561    0.0154
    2.3857    0.0288
    2.2787    0.0219
    2.1262    0.0190
    1.9229    0.0079
    1.6678    0.0022
    1.3644    0.0042
    1.0202    0.0050
    0.6462    0.0099
    0.2558    0.0188
   -0.1364    0.0183
   -0.5162    0.0273
   -0.8705    0.0160
   -1.1889    0.0041
   -1.4638    0.0039
   -1.6916    0.0000
   -1.8720    0.0168
   -2.0080    0.0099
   -2.1051    0.0012
   -2.1703    0.0077
   -2.2117    0.0060
   -2.2368    0.0101
   -2.2522    0.0150
   -2.2626    0.0092
   -2.2706    0.0104
   -2.2764    0.0159
   -2.2784    0.0177
   -2.2732    0.0089
   -2.2562    0.0100
   -2.2226    0.0151
   -2.1678    0.0195
   -2.0885    0.0106
   -1.9823    0.0008
   -1.8489    0.0095
   -1.6898    0.0074
   -1.5081    0.0076
   -1.3080    0.0073
   -1.0950    0.0043
   -0.8745    0.0040
   -0.6520    0.0169
   -0.4322    0.0026
   -0.2187    0.0030
   -0.0138    0.0208
    0.1816    0.0243
    0.3677    0.0277
    0.5457    0.0117
    0.7175    0.0110
    0.8850    0.0074
    1.0497    0.0077
    1.2126    0.0033
    1.3736    0.0018
    1.5315    0.0111
    1.6838    0.0145
    1.8272    0.0136
    1.9574    0.0162
    2.0702    0.0014
    2.1611    0.0147
    2.2266    0.0162
    2.2640    0.0010
    2.2724    0.0205
    2.2522    0.0067
    2.2061    0.0186
    2.1384    0.0097
    2.0550    0.0103
    1.9631    0.0123
    1.8708    0.0097
    1.7865    0.0033
    1.7181    0.0140
    1.6729    0.0050
    1.6567    0.0153
    1.6734    0.0206
    1.7250    0.0210
    1.8109    0.0073
    1.9282    0.0140
    2.0716    0.0098
    2.2342    0.0022
    2.4072    0.0176
    2.5809    0.0180
    2.7454    0.0094
    2.8912    0.0017
    3.0097    0.0000
    3.0942    0.0136
    3.1403    0.0122
    3.1464    0.0121
    3.1139    0.0208
    3.0473    0.0074
    2.9537    0.0093
    2.8430    0.0102
    2.7266    0.0002
    2.6169    0.0095
    2.5265    0.0065
    2.4670    0.0080
    2.4481    0.0125
    2.4770    0.0176
    2.5572    0.0095
    2.6885    0.0060
    2.8667    0.0092
    3.0837    0.0045
    3.3281    0.0136
    3.5856    0.0377
    3.8406    0.0462
    4.0769    0.0312
    4.2788    0.0286
    4.4329    0.0261
    4.5289    0.0158
    4.5601    0.0064
    4.5246    0.0117
    4.4249    0.0128
    4.2682    0.0077
    4.0654    0.0026
    3.8308    0.0103
    3.5805    0.0254
    3.3312    0.0250
    3.0987    0.0203
    2.8969    0.0269
    2.7365    0.0208
    2.6240    0.0248
    2.5612    0.0300
    2.5456    0.0269
    2.5697    0.0217
    2.6228    0.0235
    2.6914    0.0080
    2.7604    0.0170
    2.8149    0.0013
    2.8412    0.0330
    2.8287    0.0145
    2.7699    0.0215
    2.6621    0.0415
    2.5071    0.0357
    2.3112    0.0234
    2.0847    0.0181
    1.8411    0.0142
    1.5956    0.0239
    1.3639    0.0100
    1.1607    0.0218
    0.9986    0.0100
    0.8866    0.0032
    0.8293    0.0132
    0.8268    0.0125
    0.8747    0.0151
    0.9641    0.0240
    1.0829    0.0275
    1.2164    0.0286
    1.3494    0.0347
    1.4666    0.0233
    1.5546    0.0260
    1.6029    0.0160
    1.6045    0.0060
    1.5562    0.0182
    1.4593    0.0082
    1.3188    0.0049
    1.1428    0.0244
    0.9419    0.0341
    0.7279    0.0122
    0.5127    0.0075
    0.3072    0.0054
    0.1208    0.0005
   -0.0398    0.0073
   -0.1706    0.0077
   -0.2705    0.0128
   -0.3410    0.0305
   -0.3858    0.0200
   -0.4099    0.0117
   -0.4192    0.0062
   -0.4194    0.0173
   -0.4156    0.0271
   -0.4112    0.0245
   -0.4083    0.0242
   -0.4071    0.0245
   -0.4062    0.0025
   -0.4027    0.0004
   -0.3927    0.0202
   -0.3722    0.0162
   -0.3371    0.0135
   -0.2841    0.0225
   -0.2111    0.0218
   -0.1172    0.0142
   -0.0030    0.0043
    0.1294    0.0091
    0.2768    0.0179
    0.4349    0.0027
    0.5990    0.0093
    0.7641    0.0284
    0.9255    0.0257
    1.0789    0.0163
    1.2204    0.0069
    1.3471    0.0069
    1.4565    0.0001
    1.5468    0.0043
    1.6167    0.0066
    1.6651    0.0024
    1.6909    0.0117
    1.6930    0.0081
    1.6702    0.0088
    1.6212    0.0055
    1.5447    0.0196
    1.4396    0.0286
    1.3049    0.0208
    1.1405    0.0294
    0.9468    0.0191
    0.7255    0.0118
    0.4794    0.0239
    0.2127    0.0268
   -0.0689    0.0181
   -0.3584    0.0147
   -0.6478    0.0377
   -0.9281    0.0358
   -1.1898    0.0190
   -1.4234    0.0091
   -1.6200    0.0226
   -1.7718    0.0155
   -1.8726    0.0182
   -1.9183    0.0284
   -1.9074    0.0077
   -1.8408    0.0140
   -1.7224    0.0117
   -1.5586    0.0076
   -1.3578    0.0223
   -1.1304    0.0046
   -0.8878    0.0137
   -0.6416    0.0119
   -0.4030    0.0157
   -0.1820    0.0047
    0.0132    0.0084
    0.1767    0.0180
    0.3052    0.0162
    0.3982    0.0071
    0.4576    0.0176
    0.4878    0.0232
    0.4944    0.0239
    0.4845    0.0140
    0.4653    0.0158
    0.4436    0.0135
    0.4253    0.0265
    0.4147    0.0090
    0.4141    0.0262
    0.4238    0.0363
    0.4419    0.0279
    0.4647    0.0321
    0.4871    0.0141
    0.5031    0.0224
    0.5062    0.0238
    0.4907    0.0064
    0.4517    0.0000
    0.3857    0.0107
    0.2913    0.0289
    0.1691    0.0251
    0.0219    0.0362
   -0.1458    0.0266
   -0.3278    0.0186
   -0.5172    0.0227
   -0.7067    0.0084
   -0.8893    0.0092
   -1.0591    0.0234
   -1.2115    0.0052
   -1.3438    0.0141
   -1.4552    0.0029
   -1.5469    0.0083
   -1.6216    0.0163
   -1.6833    0.0087
   -1.7367    0.0091
   -1.7865    0.0081
   -1.8369    0.0138
   -1.8912    0.0124
   -1.9512    0.0077
   -2.0168    0.0145
   -2.0867    0.0082
   -2.1578    0.0043
   -2.2258    0.0034
   -2.2860    0.0032
   -2.3332    0.0062
   -2.3628    0.0069
   -2.3711    0.0242
   -2.3558    0.0377
   -2.3161    0.0303
   -2.2528    0.0402
   -2.1685    0.0259
   -2.0673    0.0157
   -1.9540    0.0043
   -1.8341    0.0186
   -1.7133    0.0181
   -1.5966    0.0006
   -1.4882    0.0023
   -1.3911    0.0067
   -1.3068    0.0138
   -1.2356    0.0027
   -1.1762    0.0141
   -1.1268    0.0090
   -1.0846    0.0110
   -1.0473    0.0219
   -1.0125    0.0153
   -0.9789    0.0314
   -0.9464    0.0138
   -0.9163    0.0100
   -0.8909    0.0159
   -0.8739    0.0103
   -0.8696    0.0143
   -0.8823    0.0154
   -0.9164    0.0173
   -0.9749    0.0366
   -1.0595    0.0322
   -1.1700    0.0334
   -1.3040    0.0283
   -1.4569    0.0183
   -1.6223    0.0060
   -1.7919    0.0006
   -1.9568    0.0071
   -2.1076    0.0114
   -2.2356    0.0142
   -2.3337    0.0143
   -2.3965    0.0264
   -2.4216    0.0222
   -2.4092    0.0242
   -2.3628    0.0225
   -2.2886    0.0379
   -2.1952    0.0169
   -2.0926    0.0189
   -1.9917    0.0161
   -1.9028    0.0075
   -1.8354    0.0065
   -1.7965    0.0062
   -1.7904    0.0102
   -1.8180    0.0102
   -1.8769    0.0294
   -1.9615    0.0394
   -2.0633    0.0402
   -2.1719    0.0256
   -2.2758    0.0251
   -2.3639    0.0487
   -2.4260    0.0366
   -2.4543    0.0370
   -2.4438    0.0175
   -2.3934    0.0034
   -2.3054    0.0073
   -2.1860    0.0246
   -2.0447    0.0123
   -1.8931    0.0159
   -1.7443    0.0269
   -1.6114    0.0205
   -1.5066    0.0185
   -1.4399    0.0113
   -1.4182    0.0005
   -1.4445    0.0129
   -1.5177    0.0206
   -1.6328    0.0073
   -1.7809    0.0083
   -1.9502    0.0028
   -2.1273    0.0163
   -2.2980    0.0134
   -2.4490    0.0291
   -2.5687    0.0166
   -2.6489    0.0170
   -2.6853    0.0096
   -2.6780    0.0103
   -2.6319    0.0088
   -2.5557    0.0413
   -2.4620    0.0402
   -2.3658    0.0365
   -2.2829    0.0486
   -2.2287    0.0169
   -2.2168    0.0134
   -2.2571    0.0119
   -2.3555    0.0055
   -2.5124    0.0086
   -2.7227    0.0265
   -2.9760    0.0278
   -3.2573    0.0132
   -3.5477    0.0107
   -3.8264    0.0162
   -4.0717    0.0073
   -4.2634    0.0001
   -4.3838    0.0059
   -4.4195    0.0096
   -4.3624    0.0087
   -4.2103    0.0081
   -3.9674    0.0001
   -3.6436    0.0072
   -3.2541    0.0052
   -2.8180    0.0170
   -2.3567    0.0110
   -1.8927    0.0177
   -1.4474    0.0147
   -1.0402    0.0285
   -0.6865    0.0322
   -0.3971    0.0091
   -0.1777    0.0025
   -0.0285    0.0233
    0.0552    0.0167
    0.0824    0.0183