6.9134    0.0004
    6.0895    0.0143
    5.6924    0.0178
    5.3247    0.0216
    4.9351    0.0079
    4.5737    0.0055
    4.1889    0.0165
    3.7322    0.0193
    3.3339    0.0082
    2.8517    0.0081
    2.5216    0.0015
    2.1412    0.0063
    1.8972    0.0129
    1.6532    0.0195
    1.4557    0.0062
    1.3409    0.0133
    1.2786    0.0224
    1.2126    0.0258
    1.1112    0.0195
    0.9574    0.0036
    0.9853    0.0036
    0.7864    0.0049
    0.5849    0.0152
    0.3618    0.0040
    0.0830    0.0010
   -0.1370    0.0014
   -0.3781    0.0136
   -0.5691    0.0127
   -0.8920    0.0129
   -1.1361    0.0135
   -1.3630    0.0351
   -1.5750    0.0166
   -1.6937    0.0206
   -1.8116    0.0258
   -1.9182    0.0128
   -2.0057    0.0039
   -2.0833    0.0024
   -2.1008    0.0223
   -2.0458    0.0191
   -1.9386    0.0310
   -1.8159    0.0315
   -1.6338    0.0188
   -1.5425    0.0402
   -1.3167    0.0469
   -1.0577    0.0378
   -0.7392    0.0125
   -0.4727    0.0031
   -0.1781    0.0145
    0.1612    0.0446
    0.4830    0.0595
    0.8648    0.0629
    1.0659    0.0550
    1.4143    0.0515
    1.6930    0.0201
    1.8828    0.0146
    2.0391    0.0025
    2.2345    0.0047
    2.2398    0.0028
    2.2079    0.0030
    2.2033    0.0144
    2.0361    0.0097
    1.8172    0.0143
    1.5588    0.0026
    1.2565    0.0068
    0.9826    0.0261
    0.7805    0.0218
    0.5875    0.0157
    0.4386    0.0155
    0.3663    0.0006
    0.2774    0.0117
    0.4122    0.0025
    0.5419    0.0120
    0.7100    0.0153
    0.8343    0.0354
    1.1019    0.0368
    1.2341    0.0194
    1.2585    0.0326
    1.3236    0.0180
    1.3678    0.0115
    1.3446    0.0008
    1.3130    0.0044
    1.2962    0.0183
    1.0998    0.0048
    0.8988    0.0011
    0.6192    0.0002
    0.4469    0.0045
    0.2791    0.0108
    0.1267    0.0159
   -0.0211    0.0254
   -0.2323    0.0292
   -0.2828    0.0251
   -0.2917    0.0316
   -0.2722    0.0386
   -0.2459    0.0291
   -0.1245    0.0182
   -0.0171    0.0001
    0.0883    0.0144
    0.0158    0.0165
    0.1500    0.0067
    0.1709    0.0232
    0.1824    0.0249
    0.1304    0.0094
    0.1133    0.0222
    0.1422    0.0084
   -0.0073    0.0071
    0.0201    0.0135
   -0.0641    0.0037
   -0.2183    0.0086
   -0.2594    0.0062
   -0.3274    0.0057
   -0.3844    0.0125
   -0.4732    0.0005
   -0.5730    0.0247
   -0.5518    0.0162
   -0.5321    0.0236
   -0.6595    0.0162
   -0.7208    0.0105
   -0.7928    0.0100
   -0.9138    0.0014
   -0.9716    0.0045
   -1.0881    0.0071
   -1.1846    0.0068
   -1.2731    0.0054
   -1.4605    0.0154
   -1.5929    0.0288
   -1.6435    0.0219
   -1.6168    0.0190
   -1.5179    0.0079
   -1.4662    0.0022
   -1.4199    0.0042
   -1.2305    0.0050
   -0.9998    0.0099
   -0.7510    0.0188
   -0.4375    0.0183
   -0.2081    0.0273
   -0.0048    0.0160
    0.3159    0.0041
    0.4416    0.0039
    0.5004    0.0000
    0.5571    0.0168
    0.5135    0.0099
    0.5670    0.0012
    0.5219    0.0077
    0.5533    0.0060
    0.3917    0.0101
    0.3377    0.0150
    0.3384    0.0092
    0.2420    0.0104
    0.2195    0.0159
    0.2639    0.0177
    0.2536    0.0089
    0.3805    0.0100
    0.4628    0.0151
    0.6811    0.0195
    0.8301    0.0106
    1.0207    0.0008
    1.0889    0.0095
    1.2445    0.0074
    1.3600    0.0076
    1.5219    0.0073
    1.5959    0.0043
    1.6150    0.0040
    1.5949    0.0169
    1.5261    0.0026
    1.4038    0.0030
    1.2604    0.0208
    1.0192    0.0243
    0.7651    0.0277
    0.5681    0.0117
    0.4131    0.0110
    0.1992    0.0074
   -0.0163    0.0077
   -0.1424    0.0033
   -0.3184    0.0018
   -0.4630    0.0111
   -0.6090    0.0145
   -0.6640    0.0136
   -0.7555    0.0162
   -0.8910    0.0014
   -0.9675    0.0147
   -1.0280    0.0162
   -1.0601    0.0010
   -1.0612    0.0205
   -1.0589    0.0067
   -1.0636    0.0186
   -1.1295    0.0097
   -1.2227    0.0103
   -1.3011    0.0123
   -1.2758    0.0097
   -1.4255    0.0033
   -1.4964    0.0140
   -1.4375    0.0050
   -1.5738    0.0153
   -1.7119    0.0206
   -1.9184    0.0210
   -1.9230    0.0073
   -1.9877    0.0140
   -2.0564    0.0098
   -2.1137    0.0022
   -2.0876    0.0176
   -2.0324    0.0180
   -2.0986    0.0094
   -2.0632    0.0017
   -2.0010    0.0000
   -1.8937    0.0136
   -1.9054    0.0122
   -1.8534    0.0121
   -1.8145    0.0208
   -1.7760    0.0074
   -1.6915    0.0093
   -1.5655    0.0102
   -1.5893    0.0002
   -1.4941    0.0095
   -1.4499    0.0065
   -1.4366    0.0080
   -1.3923    0.0125
   -1.2970    0.0176
   -1.3111    0.0095
   -1.3095    0.0060
   -1.2009    0.0092
   -1.1878    0.0045
   -1.0632    0.0136
   -0.9513    0.0377
   -0.9006    0.0462
   -0.7654    0.0312
   -0.5515    0.0286
   -0.4154    0.0261
   -0.2268    0.0158
   -0.1285    0.0064
   -0.0166    0.0117
    0.1251    0.0128
    0.1759    0.0077
    0.3675    0.0026
    0.4979    0.0103
    0.5513    0.0254
    0.5064    0.0250
    0.4971    0.0203
    0.3926    0.0269
    0.2735    0.0208
    0.1102    0.0248
   -0.0295    0.0300
   -0.1071    0.0269
   -0.2338    0.0217
   -0.4130    0.0235
   -0.4088    0.0080
   -0.3727    0.0170
   -0.3276    0.0013
   -0.3696    0.0330
   -0.2709    0.0145
   -0.2043    0.0215
   -0.0268    0.0415
    0.1061    0.0357
    0.2633    0.0234
    0.2353    0.0181
    0.1804    0.0142
    0.2398    0.0239
    0.1797    0.0100
    0.0171    0.0218
   -0.0742    0.0100
   -0.2533    0.0032
   -0.3977    0.0132
   -0.5350    0.0125
   -0.7186    0.0151
   -0.8430    0.0240
   -0.9507    0.0275
   -1.2178    0.0286
   -1.4636    0.0347
   -1.6858    0.0233
   -1.8451    0.0260
   -1.9468    0.0160
   -2.1036    0.0060
   -2.1104    0.0182
   -2.1442    0.0082
   -2.0666    0.0049
   -2.0483    0.0244
   -1.9975    0.0341
   -1.9928    0.0122
   -1.9227    0.0075
   -1.8332    0.0054
   -1.6187    0.0005
   -1.4122    0.0073
   -1.1536    0.0077
   -1.0105    0.0128
   -0.7883    0.0305
   -0.6457    0.0200
   -0.5490    0.0117
   -0.3864    0.0062
   -0.2550    0.0173
   -0.1351    0.0271
   -0.2063    0.0245
   -0.1956    0.0242
   -0.2000    0.0245
   -0.1477    0.0025
   -0.1647    0.0004
   -0.0778    0.0202
   -0.0846    0.0162
   -0.0535    0.0135
    0.0335    0.0225
    0.0954    0.0218
    0.1951    0.0142
    0.2158    0.0043
    0.4056    0.0091
    0.5244    0.0179
    0.5460    0.0027
    0.5537    0.0093
    0.6398    0.0284
    0.7616    0.0257
    0.7689    0.0163
    0.7440    0.0069
    0.8543    0.0069
    0.8056    0.0001
    0.7907    0.0043
    0.7583    0.0066
    0.7648    0.0024
    0.7358    0.0117
    0.6498    0.0081
    0.5407    0.0088
    0.4330    0.0055
    0.3770    0.0196
    0.1756    0.0286
    0.1080    0.0208
   -0.0579    0.0294
   -0.1027    0.0191
   -0.1880    0.0118
   -0.3136    0.0239
   -0.3383    0.0268
   -0.4799    0.0181
   -0.5659    0.0147
   -0.6140    0.0377
   -0.6329    0.0358
   -0.6275    0.0190
   -0.6553    0.0091
   -0.6456    0.0226
   -0.7276    0.0155
   -0.7204    0.0182
   -0.8315    0.0284
   -0.8335    0.0077
   -0.7475    0.0140
   -0.7739    0.0117
   -0.7391    0.0076
   -0.8159    0.0223
   -0.7921    0.0046
   -0.8124    0.0137
   -0.8129    0.0119
   -0.7991    0.0157
   -0.7657    0.0047
   -0.7892    0.0084
   -0.8097    0.0180
   -0.6475    0.0162
   -0.6318    0.0071
   -0.4911    0.0176
   -0.3774    0.0232
   -0.3602    0.0239
   -0.2993    0.0140
   -0.3019    0.0158
   -0.3351    0.0135
   -0.4246    0.0265
   -0.6005    0.0090
   -0.7421    0.0262
   -0.9604    0.0363
   -1.0141    0.0279
   -1.1947    0.0321
   -1.3253    0.0141
   -1.5035    0.0224
   -1.6802    0.0238
   -1.8342    0.0064
   -2.0002    0.0000
   -2.1050    0.0107
   -2.1534    0.0289
   -2.2476    0.0251
   -2.1761    0.0362
   -2.2017    0.0266
   -2.1927    0.0186
   -2.3013    0.0227
   -2.2928    0.0084
   -2.2779    0.0092
   -2.2802    0.0234
   -2.2907    0.0052
   -2.4065    0.0141
   -2.5481    0.0029
   -2.5380    0.0083
   -2.5771    0.0163
   -2.6301    0.0087
   -2.6006    0.0091
   -2.5943    0.0081
   -2.4706    0.0138
   -2.3607    0.0124
   -2.2500    0.0077
   -2.0502    0.0145
   -1.8480    0.0082
   -1.6985    0.0043
   -1.5406    0.0034
   -1.3922    0.0032
   -1.3233    0.0062
   -1.1811    0.0069
   -1.0675    0.0242
   -0.9387    0.0377
   -0.8048    0.0303
   -0.7319    0.0402
   -0.4767    0.0259
   -0.3730    0.0157
   -0.2638    0.0043
   -0.0995    0.0186
    0.0629    0.0181
    0.1791    0.0006
    0.3324    0.0023
    0.4693    0.0067
    0.5207    0.0138
    0.7232    0.0027
    0.8404    0.0141
    0.9835    0.0090
    1.1133    0.0110
    1.1242    0.0219
    1.2685    0.0153
    1.3487    0.0314
    1.2533    0.0138
    1.0390    0.0100
    1.0112    0.0159
    0.9670    0.0103
    0.7276    0.0143
    0.6556    0.0154
    0.5419    0.0173
    0.4170    0.0366
    0.3898    0.0322
    0.3317    0.0334
    0.2331    0.0283
    0.2625    0.0183
    0.3815    0.0060
    0.3827    0.0006
    0.3032    0.0071
    0.2992    0.0114
    0.3003    0.0142
    0.4259    0.0143
    0.4593    0.0264
    0.3980    0.0222
    0.4279    0.0242
    0.3856    0.0225
    0.4025    0.0379
    0.4030    0.0169
    0.5031    0.0189
    0.4713    0.0161
    0.5283    0.0075
    0.6482    0.0065
    0.7194    0.0062
    0.8361    0.0102
    1.0195    0.0102
    1.1441    0.0294
    1.2304    0.0394
    1.3386    0.0402
    1.4389    0.0256
    1.4961    0.0251
    1.5640    0.0487
    1.5949    0.0366
    1.7582    0.0370
    1.9006    0.0175
    1.9175    0.0034
    1.8501    0.0073
    1.9241    0.0246
    1.9505    0.0123
    1.9658    0.0159
    1.9793    0.0269
    1.9876    0.0205
    1.9920    0.0185
    2.0662    0.0113
    2.1078    0.0005
    2.2590    0.0129
    2.3879    0.0206
    2.5587    0.0073
    2.8371    0.0083
    3.0287    0.0028
    3.0976    0.0163
    3.1724    0.0134
    3.2175    0.0291
    3.1914    0.0166
    3.1180    0.0170
    3.0323    0.0096
    2.8886    0.0103
    2.6203    0.0088
    2.3070    0.0413
    2.0376    0.0402
    1.8325    0.0365
    1.5659    0.0486
    1.3485    0.0169
    1.1523    0.0134
    0.8561    0.0119
    0.7050    0.0055
    0.5766    0.0086
    0.4471    0.0265
    0.3922    0.0278
    0.3890    0.0132
    0.3939    0.0107
    0.4878    0.0162
    0.5903    0.0073
    0.7898    0.0001
    0.8638    0.0059
    1.0418    0.0096
    1.1675    0.0087
    1.2706    0.0081
    1.4572    0.0001
    1.6738    0.0072
    1.8213    0.0052
    2.0826    0.0170
    2.3899    0.0110
    2.6912    0.0177
    3.0961    0.0147
    3.5290    0.0285
    3.9925    0.0322
    4.3970    0.0091
    4.7698    0.0025
    5.1560    0.0233
    5.6215    0.0167
    5.9996    0.0183