  1.3931967E-004 -2.3537803E-006
 -2.3537803E-006  1.6008112E-005

  2.3052815E+000 -4.7568423E-003
 -7.1056313E-004  9.0639302E-001

 -1.1775388E+000  8.1292478E-003
 -1.8516016E-002 -3.9468458E-001

 -2.9100651E-001 -2.5588607E-001
  4.0226934E-002  3.7816435E-002

 -3.2049779E-002  2.9605980E-001
 -2.5969995E-002 -6.1303471E-002

  7.4676415E-003 -4.0080291E-002
  4.7424637E-002  2.0612661E-001

  1.7752703E-001  5.3891170E-002
 -8.7197183E-002 -1.3030259E-001

 -1.0480026E-001  7.1991861E-003
  4.4731824E-002 -2.7849587E-002

  1.9404580E-001  1.3851092E-001
  2.4199086E-003  4.9633157E-002

  1.0502277E-001 -5.6836707E-003
  3.5646520E-003  3.7722130E-002

 -1.3864271E-001 -1.0473281E-001
 -1.2071355E-002 -1.0965918E-001

 -1.3981274E-001  5.2886412E-002
  9.1907353E-003  2.5554230E-002

  9.3877544E-002  9.2500399E-003
 -3.0575440E-003  1.7970665E-002

