  3.7825236E-003  7.7647665E-006
  7.7647665E-006  6.0578609E-005

  1.4371955E+000  5.7560218E-001
 -2.5416141E-003  5.7746637E-001

 -1.4008696E-001 -4.5663008E-001
  6.7602608E-004  1.7495438E-002

 -7.0361047E-002 -1.4416095E-001
  1.2251412E-002  4.8588106E-002

 -1.0432732E-001  5.2713773E-001
 -1.0674417E-002 -1.1483667E-001

 -1.3024204E-001 -7.0091889E-001
 -7.8525468E-003  2.8966409E-002

 -4.9955035E-002  4.1533055E-001
  8.2893536E-003 -7.3822994E-002

 -2.1247686E-002  2.4986535E-001
  1.9962706E-004  1.9198586E-002

 -4.0423193E-002 -4.1509798E-001
  1.2117513E-003  8.1078352E-002

  8.2686680E-002 -2.0482190E-001
 -4.0414322E-003 -2.3456195E-002

 -1.0989472E-001 -2.4408600E-001
  8.0742255E-003  7.5122316E-002

  1.7530144E-001  5.4440757E-001
 -3.4002239E-003 -1.0215507E-001

  6.0871794E-002 -6.7221211E-001
 -5.1444489E-003  4.0326624E-002

 -1.2405571E-001 -1.3787188E-001
  5.8697978E-003 -8.2687426E-003

  9.8149984E-002 -3.7662877E-002
 -5.8291226E-003  1.5586724E-002

 -3.4555786E-002  1.5392124E-002
  3.3879269E-003  9.1964674E-003

 -9.2086834E-002  2.4326947E-001
 -4.4139979E-003 -3.0003745E-002

  2.6675551E-002  1.9829657E-001
  1.8252147E-004  3.7694979E-002

  9.0426338E-002  2.3903345E-002
  6.4619491E-003 -5.7177677E-002

  2.1021580E-002 -5.3943569E-001
  3.0413546E-003 -2.5997771E-002

 -1.4216612E-001  6.9670695E-001
  9.4354522E-004 -3.7801234E-002

  6.9752978E-002 -3.4917452E-001
 -1.5332836E-002  1.6097770E-002

  5.4169630E-002  7.4528662E-001
  9.7656895E-003  7.7921261E-002

 -4.8751067E-002 -2.6505364E-001
  1.8595676E-003 -5.2732973E-002

 -8.8171626E-002 -2.8245765E-001
 -7.3032321E-004  4.6912535E-002

  4.1550814E-002 -3.5169480E-001
 -3.7996925E-004 -3.8258604E-002

 -2.4619764E-002  7.2492565E-001
  7.3623452E-003  7.4852226E-002

  4.7470514E-002 -6.2446431E-001
 -1.9263837E-002  3.7538125E-002

  1.1878274E-001  3.3894313E-001
  3.6149382E-003  2.5691285E-002

 -1.7634377E-001  4.4043147E-001
 -7.8814073E-003 -1.4025995E-001

  5.8128643E-002 -1.8745614E-001
  9.5986289E-003  6.0616240E-002

  6.0235368E-002 -3.4221485E-001
  1.8090490E-002  4.6713072E-002

 -8.5610990E-002  3.0372601E-001
 -1.9123346E-002 -6.3458611E-002

  9.3125091E-002 -1.9377105E-001
  2.5306759E-002  6.0784534E-002

 -9.6351691E-002 -2.1116033E-001
 -8.5588262E-003  2.0433937E-002

  4.4110469E-002  1.4535921E-002
 -1.6750487E-002 -2.0670570E-002

  9.1552743E-002  2.5223507E-001
 -5.4163025E-003 -7.0352076E-002

 -1.4783504E-001 -1.4685892E-002
  1.9537709E-003  4.4983592E-002

  8.9236612E-002 -4.3080181E-002
  1.3329077E-002  1.5690423E-002

 -1.4178513E-001  3.6327989E-001
 -1.1887545E-003  1.3889635E-002

  1.0946308E-001 -8.4832214E-003
 -2.5528010E-003 -2.3338676E-003

