  -10.8210    0.0011
  -10.3969    0.0061
   -9.9349    0.0019
   -9.3407    0.0020
   -8.6155    0.0032
   -7.7984    0.0029
   -6.9228    0.0023
   -6.0454    0.0046
   -5.1882    0.0073
   -4.3749    0.0031
   -3.6475    0.0020
   -3.0155    0.0020
   -2.5003    0.0038
   -2.0963    0.0056
   -1.8215    0.0055
   -1.6549    0.0038
   -1.5660    0.0025
   -1.5535    0.0020
   -1.5992    0.0008
   -1.6760    0.0078
   -1.7750    0.0002
   -1.8729    0.0026
   -1.9426    0.0047
   -1.9706    0.0059
   -1.9822    0.0107
   -1.9617    0.0063
   -1.9279    0.0084
   -1.8599    0.0168
   -1.7697    0.0145
   -1.7020    0.0041
   -1.6374    0.0064
   -1.5905    0.0021
   -1.5560    0.0255
   -1.5417    0.0337
   -1.5467    0.0291
   -1.5891    0.0322
   -1.6491    0.0255
   -1.7429    0.0160
   -1.8512    0.0090
   -1.9667    0.0055
   -2.0792    0.0028
   -2.1812    0.0102
   -2.2794    0.0194
   -2.3771    0.0111
   -2.4592    0.0041
   -2.5440    0.0031
   -2.6105    0.0102
   -2.6509    0.0103
   -2.6885    0.0021
   -2.7111    0.0006
   -2.7049    0.0004
   -2.6766    0.0002
   -2.6323    0.0008
   -2.5560    0.0008
   -2.4573    0.0072
   -2.3347    0.0072
   -2.1903    0.0050
   -2.0063    0.0039
   -1.8076    0.0062
   -1.5756    0.0065
   -1.3355    0.0036
   -1.0853    0.0024
   -0.8424    0.0015
   -0.6016    0.0026
   -0.3524    0.0075
   -0.1161    0.0048
    0.1094    0.0082
    0.3110    0.0101
    0.4913    0.0138
    0.6604    0.0200
    0.8132    0.0175
    0.9499    0.0102
    1.0795    0.0009
    1.1778    0.0097
    1.2557    0.0147
    1.3076    0.0141
    1.3367    0.0083
    1.3557    0.0002
    1.3564    0.0043
    1.3652    0.0047
    1.3617    0.0041
    1.3351    0.0093
    1.3005    0.0099
    1.2484    0.0116
    1.1941    0.0116
    1.1331    0.0043
    1.0482    0.0010
    0.9459    0.0015
    0.8297    0.0012
    0.7045    0.0002
    0.5636    0.0069
    0.3959    0.0138
    0.2192    0.0076
    0.0528    0.0066
   -0.1288    0.0002
   -0.2954    0.0054
   -0.4469    0.0155
   -0.5817    0.0202
   -0.7028    0.0205
   -0.7997    0.0141
   -0.8558    0.0123
   -0.8802    0.0065
   -0.8445    0.0011
   -0.7756    0.0035
   -0.6609    0.0027
   -0.5130    0.0021
   -0.3279    0.0022
   -0.1238    0.0032
    0.1149    0.0133
    0.3615    0.0262
    0.6156    0.0186
    0.8674    0.0111
    1.1042    0.0020
    1.3367    0.0069
    1.5421    0.0134
    1.7323    0.0120
    1.9076    0.0092
    2.0402    0.0057
    2.1444    0.0036
    2.2216    0.0147
    2.2650    0.0222
    2.2809    0.0166
    2.2592    0.0090
    2.2203    0.0057
    2.1429    0.0078
    2.0522    0.0034
    1.9405    0.0037
    1.8119    0.0013
    1.6483    0.0032
    1.4909    0.0040
    1.3119    0.0065
    1.1471    0.0007
    0.9673    0.0092
    0.7929    0.0120
    0.6125    0.0102
    0.4262    0.0111
    0.2485    0.0089
    0.0832    0.0108
   -0.0564    0.0068
   -0.1803    0.0041
   -0.2883    0.0015
   -0.3669    0.0058
   -0.4267    0.0077
   -0.4550    0.0051
   -0.4498    0.0017
   -0.4291    0.0024
   -0.3765    0.0086
   -0.3022    0.0089
   -0.2059    0.0055
   -0.0991    0.0067
    0.0143    0.0001
    0.1476    0.0001
    0.3018    0.0017
    0.4536    0.0034
    0.6055    0.0059
    0.7406    0.0061
    0.8652    0.0055
    0.9846    0.0020
    1.0763    0.0036
    1.1582    0.0041
    1.2081    0.0116
    1.2395    0.0098
    1.2363    0.0103
    1.2148    0.0089
    1.1688    0.0100
    1.1075    0.0063
    1.0186    0.0004
    0.9100    0.0041
    0.7893    0.0013
    0.6670    0.0006
    0.5620    0.0000
    0.4657    0.0032
    0.3797    0.0053
    0.3135    0.0096
    0.2756    0.0233
    0.2564    0.0227
    0.2563    0.0131
    0.2658    0.0031
    0.2834    0.0039
    0.2930    0.0133
    0.2966    0.0272
    0.2927    0.0189
    0.2916    0.0105
    0.2711    0.0084
    0.2445    0.0044
    0.2006    0.0095
    0.1503    0.0155
    0.0959    0.0162
    0.0580    0.0125
    0.0297    0.0142
    0.0124    0.0121
    0.0321    0.0043
    0.0623    0.0065
    0.1206    0.0121
    0.2162    0.0151
    0.3370    0.0048
    0.4658    0.0023
    0.6041    0.0052
    0.7766    0.0075
    0.9490    0.0014
    1.1286    0.0034
    1.3012    0.0100
    1.4667    0.0121
    1.6359    0.0098
    1.7937    0.0051
    1.9493    0.0053
    2.1042    0.0100
    2.2336    0.0036
    2.3446    0.0014
    2.4327    0.0073
    2.4919    0.0150
    2.5534    0.0131
    2.6006    0.0062
    2.6274    0.0086
    2.6243    0.0172
    2.6044    0.0180
    2.5885    0.0189
    2.5608    0.0128
    2.5495    0.0115
    2.5206    0.0076
    2.4973    0.0033
    2.4855    0.0019
    2.4823    0.0036
    2.4930    0.0001
    2.5173    0.0043
    2.5447    0.0043
    2.5757    0.0027
    2.6122    0.0050
    2.6393    0.0028
    2.6556    0.0061
    2.6388    0.0073
    2.6087    0.0122
    2.5434    0.0161
    2.4499    0.0175
    2.3279    0.0074
    2.1840    0.0031
    2.0177    0.0019
    1.8434    0.0082
    1.6523    0.0125
    1.4771    0.0001
    1.2934    0.0047
    1.1289    0.0008
    0.9877    0.0003
    0.8544    0.0011
    0.7372    0.0016
    0.6630    0.0063
    0.6422    0.0128
    0.6468    0.0075
    0.6765    0.0051
    0.7326    0.0004
    0.8170    0.0140
    0.9109    0.0248
    1.0150    0.0203
    1.1081    0.0133
    1.2043    0.0028
    1.3029    0.0013
    1.3903    0.0109
    1.4736    0.0182
    1.5715    0.0122
    1.6589    0.0019
    1.7473    0.0086
    1.8464    0.0048
    1.9605    0.0099
    2.0883    0.0072
    2.2588    0.0010
    2.4508    0.0052
    2.6624    0.0077
    2.8984    0.0116
    3.1331    0.0039
    3.3685    0.0010
    3.6081    0.0057
    3.8289    0.0113
    4.0004    0.0124
    4.1393    0.0099
    4.2466    0.0071
    4.3122    0.0108
    4.3092    0.0142
    4.2640    0.0103
    4.1854    0.0071
    4.0605    0.0059
    3.8998    0.0035
    3.7064    0.0045
    3.4984    0.0041
    3.2912    0.0037
    3.0999    0.0044
    2.9194    0.0001
    2.7633    0.0023
    2.6352    0.0096
    2.5375    0.0107
    2.4745    0.0158
    2.4280    0.0200
    2.4170    0.0202
    2.4305    0.0240
    2.4613    0.0227
    2.4976    0.0116
    2.5384    0.0036
    2.5723    0.0114
    2.6067    0.0178
    2.6277    0.0070
    2.6125    0.0019
    2.5995    0.0009
    2.5653    0.0024
    2.5174    0.0060
    2.4503    0.0106
    2.3727    0.0127
    2.2849    0.0087
    2.1865    0.0106
    2.0842    0.0030
    1.9709    0.0009
    1.8681    0.0050
    1.7843    0.0042
    1.7215    0.0062
    1.6769    0.0092
    1.6482    0.0163
    1.6246    0.0118
    1.6163    0.0053
    1.6179    0.0014
    1.6208    0.0011
    1.6247    0.0025
    1.6452    0.0011
    1.6578    0.0014
    1.6949    0.0058
    1.7554    0.0062
    1.7850    0.0102
    1.8237    0.0124
    1.8694    0.0134
    1.9006    0.0069
    1.9171    0.0004
    1.9046    0.0008
    1.8758    0.0024
    1.8295    0.0049
    1.7612    0.0159
    1.6621    0.0214
    1.5407    0.0091
    1.4124    0.0015
    1.2698    0.0018
    1.1163    0.0035
    0.9821    0.0046
    0.8660    0.0084
    0.7887    0.0073
    0.7296    0.0073
    0.7080    0.0076
    0.7050    0.0056
    0.7407    0.0031
    0.7965    0.0101
    0.8693    0.0133
    0.9509    0.0121
    1.0443    0.0093
    1.1220    0.0061
    1.1791    0.0009
    1.2173    0.0035
    1.1950    0.0050
    1.1399    0.0048
    1.0292    0.0150
    0.8745    0.0096
    0.6802    0.0056
    0.4643    0.0071
    0.2273    0.0139
   -0.0181    0.0175
   -0.2600    0.0172
   -0.4791    0.0160
   -0.6941    0.0154
   -0.8721    0.0153
   -1.0122    0.0108
   -1.1023    0.0055
   -1.1596    0.0088
   -1.1685    0.0042
   -1.1552    0.0038
   -1.0973    0.0036
   -1.0068    0.0086
   -0.9004    0.0149
   -0.7891    0.0218
   -0.6759    0.0169
   -0.5733    0.0091
   -0.4865    0.0003
   -0.4089    0.0063
   -0.3530    0.0101
   -0.3143    0.0148
   -0.3004    0.0104
   -0.2965    0.0010
   -0.2946    0.0061
   -0.3015    0.0025
   -0.2955    0.0023
   -0.2792    0.0084
   -0.2418    0.0066
   -0.1841    0.0064
   -0.1108    0.0042
   -0.0230    0.0007
    0.0830    0.0057
    0.1923    0.0120
    0.3000    0.0154
    0.4049    0.0134
    0.4891    0.0112
    0.5582    0.0101
    0.6042    0.0139
    0.6106    0.0122
    0.5944    0.0038
    0.5495    0.0025
    0.4871    0.0042
    0.4001    0.0101
    0.3097    0.0099
    0.2128    0.0017
    0.1263    0.0014
    0.0283    0.0050
   -0.0430    0.0051
   -0.0965    0.0042
   -0.1304    0.0025
   -0.1274    0.0070
   -0.1056    0.0069
   -0.0587    0.0045
    0.0167    0.0026
    0.1169    0.0067
    0.2276    0.0118
    0.3528    0.0120
    0.4788    0.0086
    0.5820    0.0015
    0.6882    0.0045
    0.7832    0.0052
    0.8495    0.0092
    0.8853    0.0029
    0.8936    0.0091
    0.8582    0.0125
    0.7890    0.0196
    0.7234    0.0175
    0.6263    0.0033
    0.5021    0.0025
    0.3651    0.0007
    0.2221    0.0058
    0.0675    0.0139
   -0.0686    0.0138
   -0.1970    0.0060
   -0.3042    0.0095
   -0.3746    0.0049
   -0.4359    0.0056
   -0.4716    0.0065
   -0.4655    0.0023
   -0.4216    0.0009
   -0.3539    0.0071
   -0.2729    0.0051
   -0.1759    0.0035
   -0.0791    0.0041
    0.0237    0.0034
    0.1247    0.0091
    0.2175    0.0111
    0.2979    0.0051
    0.3619    0.0049
    0.4060    0.0031
    0.4150    0.0029
    0.4026    0.0009
    0.3544    0.0008
    0.2633    0.0008
    0.1515    0.0010
    0.0196    0.0049
   -0.1248    0.0066
   -0.2737    0.0028
   -0.4278    0.0039
   -0.5737    0.0052
   -0.7130    0.0034
   -0.8418    0.0053
   -0.9504    0.0049
   -1.0307    0.0039
   -1.1151    0.0097
   -1.1724    0.0075
   -1.2039    0.0090
   -1.2096    0.0093
   -1.1902    0.0058
   -1.1584    0.0019
   -1.1370    0.0048
   -1.0965    0.0073
   -1.0429    0.0077
   -0.9904    0.0017
   -0.9324    0.0043
   -0.8742    0.0028
   -0.8013    0.0053
   -0.7335    0.0021
   -0.6899    0.0026
   -0.6572    0.0025
   -0.6452    0.0007
   -0.6480    0.0033
   -0.6680    0.0060
   -0.7226    0.0170
   -0.7948    0.0202
   -0.8919    0.0152
   -1.0035    0.0139
   -1.1351    0.0060
   -1.2569    0.0024
   -1.3737    0.0121
   -1.4672    0.0102
   -1.5435    0.0080
   -1.5897    0.0091
   -1.6173    0.0064
   -1.6349    0.0049
   -1.6541    0.0001
   -1.6631    0.0034
   -1.7051    0.0009
   -1.7927    0.0019
   -1.9280    0.0095
   -2.1299    0.0204
   -2.4269    0.0210
   -2.8177    0.0136
   -3.3162    0.0008
   -3.9216    0.0053
   -4.6118    0.0078
   -5.3820    0.0014
   -6.1962    0.0061
   -7.0350    0.0101
   -7.8523    0.0022
   -8.6170    0.0041
   -9.3014    0.0002
   -9.8655    0.0045
  -10.2967    0.0109
  -10.5820    0.0104