   -0.5184    0.0011
   -0.4790    0.0061
   -0.4284    0.0019
   -0.3605    0.0020
   -0.2702    0.0032
   -0.1529    0.0029
   -0.0054    0.0023
    0.1740    0.0046
    0.3848    0.0073
    0.6247    0.0031
    0.8889    0.0020
    1.1710    0.0020
    1.4628    0.0038
    1.7545    0.0056
    2.0361    0.0055
    2.2972    0.0038
    2.5286    0.0025
    2.7222    0.0020
    2.8725    0.0008
    2.9765    0.0078
    3.0344    0.0002
    3.0496    0.0026
    3.0285    0.0047
    2.9800    0.0059
    2.9150    0.0107
    2.8454    0.0063
    2.7832    0.0084
    2.7393    0.0168
    2.7228    0.0145
    2.7395    0.0041
    2.7920    0.0064
    2.8788    0.0021
    2.9942    0.0255
    3.1292    0.0337
    3.2712    0.0291
    3.4056    0.0322
    3.5164    0.0255
    3.5880    0.0160
    3.6059    0.0090
    3.5582    0.0055
    3.4368    0.0028
    3.2379    0.0102
    2.9628    0.0194
    2.6178    0.0111
    2.2139    0.0041
    1.7662    0.0031
    1.2930    0.0102
    0.8142    0.0103
    0.3503    0.0021
   -0.0796    0.0006
   -0.4588    0.0004
   -0.7742    0.0002
   -1.0173    0.0008
   -1.1848    0.0008
   -1.2782    0.0072
   -1.3043    0.0072
   -1.2736    0.0050
   -1.1999    0.0039
   -1.0985    0.0062
   -0.9855    0.0065
   -0.8757    0.0036
   -0.7822    0.0024
   -0.7147    0.0015
   -0.6793    0.0026
   -0.6783    0.0075
   -0.7099    0.0048
   -0.7692    0.0082
   -0.8487    0.0101
   -0.9392    0.0138
   -1.0313    0.0200
   -1.1161    0.0175
   -1.1861    0.0102
   -1.2365    0.0009
   -1.2651    0.0097
   -1.2727    0.0147
   -1.2630    0.0141
   -1.2421    0.0083
   -1.2178    0.0002
   -1.1985    0.0043
   -1.1928    0.0047
   -1.2083    0.0041
   -1.2508    0.0093
   -1.3242    0.0099
   -1.4296    0.0116
   -1.5659    0.0116
   -1.7295    0.0043
   -1.9152    0.0010
   -2.1167    0.0015
   -2.3269    0.0012
   -2.5396    0.0002
   -2.7490    0.0069
   -2.9511    0.0138
   -3.1431    0.0076
   -3.3242    0.0066
   -3.4951    0.0002
   -3.6574    0.0054
   -3.8135    0.0155
   -3.9656    0.0202
   -4.1152    0.0205
   -4.2626    0.0141
   -4.4061    0.0123
   -4.5423    0.0065
   -4.6654    0.0011
   -4.7682    0.0035
   -4.8419    0.0027
   -4.8770    0.0021
   -4.8645    0.0022
   -4.7961    0.0032
   -4.6656    0.0133
   -4.4695    0.0262
   -4.2080    0.0186
   -3.8848    0.0111
   -3.5076    0.0020
   -3.0877    0.0069
   -2.6396    0.0134
   -2.1805    0.0120
   -1.7288    0.0092
   -1.3034    0.0057
   -0.9223    0.0036
   -0.6015    0.0147
   -0.3541    0.0222
   -0.1892    0.0166
   -0.1115    0.0090
   -0.1213    0.0057
   -0.2141    0.0078
   -0.3812    0.0034
   -0.6106    0.0037
   -0.8879    0.0013
   -1.1968    0.0032
   -1.5211    0.0040
   -1.8451    0.0065
   -2.1551    0.0007
   -2.4400    0.0092
   -2.6918    0.0120
   -2.9059    0.0102
   -3.0811    0.0111
   -3.2193    0.0089
   -3.3249    0.0108
   -3.4042    0.0068
   -3.4644    0.0041
   -3.5128    0.0015
   -3.5558    0.0058
   -3.5986    0.0077
   -3.6443    0.0051
   -3.6937    0.0017
   -3.7453    0.0024
   -3.7955    0.0086
   -3.8392    0.0089
   -3.8698    0.0055
   -3.8806    0.0067
   -3.8649    0.0001
   -3.8170    0.0001
   -3.7330    0.0017
   -3.6108    0.0034
   -3.4505    0.0059
   -3.2543    0.0061
   -3.0270    0.0055
   -2.7748    0.0020
   -2.5053    0.0036
   -2.2268    0.0041
   -1.9481    0.0116
   -1.6769    0.0098
   -1.4204    0.0103
   -1.1840    0.0089
   -0.9716    0.0100
   -0.7851    0.0063
   -0.6246    0.0004
   -0.4888    0.0041
   -0.3748    0.0013
   -0.2792    0.0006
   -0.1981    0.0000
   -0.1273    0.0032
   -0.0636    0.0053
   -0.0041    0.0096
    0.0528    0.0233
    0.1081    0.0227
    0.1616    0.0131
    0.2120    0.0031
    0.2578    0.0039
    0.2965    0.0133
    0.3256    0.0272
    0.3425    0.0189
    0.3447    0.0105
    0.3298    0.0084
    0.2959    0.0044
    0.2412    0.0095
    0.1645    0.0155
    0.0650    0.0162
   -0.0577    0.0125
   -0.2033    0.0142
   -0.3708    0.0121
   -0.5584    0.0043
   -0.7632    0.0065
   -0.9812    0.0121
   -1.2074    0.0151
   -1.4356    0.0048
   -1.6587    0.0023
   -1.8690    0.0052
   -2.0587    0.0075
   -2.2203    0.0014
   -2.3471    0.0034
   -2.4342    0.0100
   -2.4784    0.0121
   -2.4797    0.0098
   -2.4403    0.0051
   -2.3657    0.0053
   -2.2642    0.0100
   -2.1462    0.0036
   -2.0240    0.0014
   -1.9104    0.0073
   -1.8184    0.0150
   -1.7594    0.0131
   -1.7427    0.0062
   -1.7743    0.0086
   -1.8565    0.0172
   -1.9876    0.0180
   -2.1615    0.0189
   -2.3682    0.0128
   -2.5944    0.0115
   -2.8244    0.0076
   -3.0414    0.0033
   -3.2285    0.0019
   -3.3704    0.0036
   -3.4542    0.0001
   -3.4707    0.0043
   -3.4152    0.0043
   -3.2877    0.0027
   -3.0933    0.0050
   -2.8418    0.0028
   -2.5469    0.0061
   -2.2256    0.0073
   -1.8968    0.0122
   -1.5805    0.0161
   -1.2958    0.0175
   -1.0601    0.0074
   -0.8880    0.0031
   -0.7903    0.0019
   -0.7733    0.0082
   -0.8386    0.0125
   -0.9827    0.0001
   -1.1978    0.0047
   -1.4718    0.0008
   -1.7898    0.0003
   -2.1343    0.0011
   -2.4869    0.0016
   -2.8294    0.0063
   -3.1444    0.0128
   -3.4170    0.0075
   -3.6352    0.0051
   -3.7907    0.0004
   -3.8790    0.0140
   -3.8997    0.0248
   -3.8566    0.0203
   -3.7566    0.0133
   -3.6096    0.0028
   -3.4273    0.0013
   -3.2226    0.0109
   -3.0089    0.0182
   -2.7985    0.0122
   -2.6025    0.0019
   -2.4297    0.0086
   -2.2862    0.0048
   -2.1755    0.0099
   -2.0981    0.0072
   -2.0518    0.0010
   -2.0320    0.0052
   -2.0323    0.0077
   -2.0449    0.0116
   -2.0614    0.0039
   -2.0733    0.0010
   -2.0725    0.0057
   -2.0519    0.0113
   -2.0059    0.0124
   -1.9304    0.0099
   -1.8231    0.0071
   -1.6839    0.0108
   -1.5140    0.0142
   -1.3167    0.0103
   -1.0967    0.0071
   -0.8597    0.0059
   -0.6124    0.0035
   -0.3620    0.0045
   -0.1161    0.0041
    0.1182    0.0037
    0.3340    0.0044
    0.5253    0.0001
    0.6871    0.0023
    0.8159    0.0096
    0.9099    0.0107
    0.9689    0.0158
    0.9949    0.0200
    0.9918    0.0202
    0.9652    0.0240
    0.9228    0.0227
    0.8733    0.0116
    0.8266    0.0036
    0.7928    0.0114
    0.7820    0.0178
    0.8029    0.0070
    0.8633    0.0019
    0.9686    0.0009
    1.1215    0.0024
    1.3220    0.0060
    1.5669    0.0106
    1.8500    0.0127
    2.1625    0.0087
    2.4933    0.0106
    2.8297    0.0030
    3.1579    0.0009
    3.4644    0.0050
    3.7362    0.0042
    3.9617    0.0062
    4.1314    0.0092
    4.2385    0.0163
    4.2789    0.0118
    4.2515    0.0053
    4.1581    0.0014
    4.0035    0.0011
    3.7944    0.0025
    3.5399    0.0011
    3.2505    0.0014
    2.9373    0.0058
    2.6122    0.0062
    2.2867    0.0102
    1.9719    0.0124
    1.6781    0.0134
    1.4140    0.0069
    1.1874    0.0004
    1.0039    0.0008
    0.8676    0.0024
    0.7807    0.0049
    0.7433    0.0159
    0.7536    0.0214
    0.8076    0.0091
    0.8998    0.0015
    1.0227    0.0018
    1.1674    0.0035
    1.3240    0.0046
    1.4821    0.0084
    1.6309    0.0073
    1.7605    0.0073
    1.8620    0.0076
    1.9284    0.0056
    1.9552    0.0031
    1.9404    0.0101
    1.8851    0.0133
    1.7934    0.0121
    1.6724    0.0093
    1.5311    0.0061
    1.3805    0.0009
    1.2321    0.0035
    1.0975    0.0050
    0.9871    0.0048
    0.9096    0.0150
    0.8709    0.0096
    0.8742    0.0056
    0.9189    0.0071
    1.0019    0.0139
    1.1169    0.0175
    1.2555    0.0172
    1.4080    0.0160
    1.5643    0.0154
    1.7148    0.0153
    1.8514    0.0108
    1.9678    0.0055
    2.0605    0.0088
    2.1289    0.0042
    2.1753    0.0038
    2.2042    0.0036
    2.2225    0.0086
    2.2381    0.0149
    2.2593    0.0218
    2.2939    0.0169
    2.3483    0.0091
    2.4267    0.0003
    2.5306    0.0063
    2.6584    0.0101
    2.8054    0.0148
    2.9639    0.0104
    3.1240    0.0010
    3.2738    0.0061
    3.4004    0.0025
    3.4912    0.0023
    3.5346    0.0084
    3.5210    0.0066
    3.4432    0.0064
    3.2979    0.0042
    3.0851    0.0007
    2.8091    0.0057
    2.4779    0.0120
    2.1028    0.0154
    1.6982    0.0134
    1.2804    0.0112
    0.8668    0.0101
    0.4748    0.0139
    0.1211    0.0122
   -0.1798    0.0038
   -0.4162    0.0025
   -0.5800    0.0042
   -0.6670    0.0101
   -0.6772    0.0099
   -0.6149    0.0017
   -0.4884    0.0014
   -0.3091    0.0050
   -0.0910    0.0051
    0.1501    0.0042
    0.3980    0.0025
    0.6369    0.0070
    0.8525    0.0069
    1.0328    0.0045
    1.1688    0.0026
    1.2550    0.0067
    1.2897    0.0118
    1.2744    0.0120
    1.2140    0.0086
    1.1160    0.0015
    0.9896    0.0045
    0.8453    0.0052
    0.6934    0.0092
    0.5441    0.0029
    0.4062    0.0091
    0.2868    0.0125
    0.1913    0.0196
    0.1230    0.0175
    0.0837    0.0033
    0.0738    0.0025
    0.0927    0.0007
    0.1393    0.0058
    0.2122    0.0139
    0.3107    0.0138
    0.4340    0.0060
    0.5819    0.0095
    0.7545    0.0049
    0.9517    0.0056
    1.1728    0.0065
    1.4166    0.0023
    1.6801    0.0009
    1.9589    0.0071
    2.2469    0.0051
    2.5360    0.0035
    2.8171    0.0041
    3.0799    0.0034
    3.3138    0.0091
    3.5088    0.0111
    3.6563    0.0051
    3.7496    0.0049
    3.7850    0.0031
    3.7619    0.0029
    3.6830    0.0009
    3.5539    0.0008
    3.3835    0.0008
    3.1821    0.0010
    2.9618    0.0049
    2.7345    0.0066
    2.5115    0.0028
    2.3021    0.0039
    2.1136    0.0052
    1.9501    0.0034
    1.8128    0.0053
    1.7000    0.0049
    1.6077    0.0039
    1.5302    0.0097
    1.4610    0.0075
    1.3939    0.0090
    1.3238    0.0093
    1.2473    0.0058
    1.1638    0.0019
    1.0754    0.0048
    0.9867    0.0073
    0.9049    0.0077
    0.8388    0.0017
    0.7982    0.0043
    0.7928    0.0028
    0.8313    0.0053
    0.9206    0.0021
    1.0647    0.0026
    1.2648    0.0025
    1.5185    0.0007
    1.8200    0.0033
    2.1608    0.0060
    2.5296    0.0170
    2.9139    0.0202
    3.3001    0.0152
    3.6750    0.0139
    4.0260    0.0060
    4.3426    0.0024
    4.6160    0.0121
    4.8402    0.0102
    5.0117    0.0080
    5.1295    0.0091
    5.1947    0.0064
    5.2100    0.0049
    5.1790    0.0001
    5.1062    0.0034
    4.9959    0.0009
    4.8523    0.0019
    4.6787    0.0095
    4.4780    0.0204
    4.2520    0.0210
    4.0023    0.0136
    3.7299    0.0008
    3.4361    0.0053
    3.1223    0.0078
    2.7905    0.0014
    2.4437    0.0061
    2.0858    0.0101
    1.7215    0.0022
    1.3563    0.0041
    0.9963    0.0002
    0.6479    0.0045
    0.3171    0.0109
    0.0093    0.0104
    2.3674    0.0004
    2.5330    0.0143
    2.6711    0.0178
    2.7746    0.0216
    2.8390    0.0079
    2.8633    0.0055
    2.8501    0.0165
    2.8054    0.0193
    2.7385    0.0082
    2.6610    0.0081
    2.5861    0.0015
    2.5272    0.0063
    2.4972    0.0129
    2.5066    0.0195
    2.5632    0.0062
    2.6705    0.0133
    2.8280    0.0224
    3.0305    0.0258
    3.2685    0.0195
    3.5281    0.0036
    3.7928    0.0036
    4.0436    0.0049
    4.2607    0.0152
    4.4250    0.0040
    4.5188    0.0010
    4.5278    0.0014
    4.4416    0.0136
    4.2545    0.0127
    3.9662    0.0129
    3.5821    0.0135
    3.1128    0.0351
    2.5734    0.0166
    1.9833    0.0206
    1.3644    0.0258
    0.7403    0.0128
    0.1346    0.0039
   -0.4307    0.0024
   -0.9356    0.0223
   -1.3644    0.0191
   -1.7062    0.0310
   -1.9551    0.0315
   -2.1108    0.0188
   -2.1784    0.0402
   -2.1676    0.0469
   -2.0922    0.0378
   -1.9685    0.0125
   -1.8144    0.0031
   -1.6481    0.0145
   -1.4863    0.0446
   -1.3437    0.0595
   -1.2316    0.0629
   -1.1576    0.0550
   -1.1252    0.0515
   -1.1341    0.0201
   -1.1804    0.0146
   -1.2574    0.0025
   -1.3563    0.0047
   -1.4676    0.0028
   -1.5818    0.0030
   -1.6902    0.0144
   -1.7860    0.0097
   -1.8644    0.0143
   -1.9229    0.0026
   -1.9613    0.0068
   -1.9814    0.0261
   -1.9865    0.0218
   -1.9805    0.0157
   -1.9672    0.0155
   -1.9500    0.0006
   -1.9309    0.0117
   -1.9101    0.0025
   -1.8862    0.0120
   -1.8562    0.0153
   -1.8158    0.0354
   -1.7600    0.0368
   -1.6840    0.0194
   -1.5840    0.0326
   -1.4578    0.0180
   -1.3056    0.0115
   -1.1302    0.0008
   -0.9372    0.0044
   -0.7348    0.0183
   -0.5327    0.0048
   -0.3420    0.0011
   -0.1732    0.0002
   -0.0360    0.0045
    0.0626    0.0108
    0.1188    0.0159
    0.1330    0.0254
    0.1097    0.0292
    0.0579    0.0251
   -0.0101    0.0316
   -0.0790    0.0386
   -0.1323    0.0291
   -0.1538    0.0182
   -0.1287    0.0001
   -0.0455    0.0144
    0.1032    0.0165
    0.3192    0.0067
    0.5989    0.0232
    0.9332    0.0249
    1.3082    0.0094
    1.7065    0.0222
    2.1079    0.0084
    2.4922    0.0071
    2.8398    0.0135
    3.1344    0.0037
    3.3636    0.0086
    3.5201    0.0062
    3.6024    0.0057
    3.6144    0.0125
    3.5651    0.0005
    3.4672    0.0247
    3.3360    0.0162
    3.1877    0.0236
    3.0375    0.0162
    2.8983    0.0105
    2.7795    0.0100
    2.6860    0.0014
    2.6178    0.0045
    2.5705    0.0071
    2.5356    0.0068
    2.5018    0.0054
    2.4561    0.0154
    2.3857    0.0288
    2.2787    0.0219
    2.1262    0.0190
    1.9229    0.0079
    1.6678    0.0022
    1.3644    0.0042
    1.0202    0.0050
    0.6462    0.0099
    0.2558    0.0188
   -0.1364    0.0183
   -0.5162    0.0273
   -0.8705    0.0160
   -1.1889    0.0041
   -1.4638    0.0039
   -1.6916    0.0000
   -1.8720    0.0168
   -2.0080    0.0099
   -2.1051    0.0012
   -2.1703    0.0077
   -2.2117    0.0060
   -2.2368    0.0101
   -2.2522    0.0150
   -2.2626    0.0092
   -2.2706    0.0104
   -2.2764    0.0159
   -2.2784    0.0177
   -2.2732    0.0089
   -2.2562    0.0100
   -2.2226    0.0151
   -2.1678    0.0195
   -2.0885    0.0106
   -1.9823    0.0008
   -1.8489    0.0095
   -1.6898    0.0074
   -1.5081    0.0076
   -1.3080    0.0073
   -1.0950    0.0043
   -0.8745    0.0040
   -0.6520    0.0169
   -0.4322    0.0026
   -0.2187    0.0030
   -0.0138    0.0208
    0.1816    0.0243
    0.3677    0.0277
    0.5457    0.0117
    0.7175    0.0110
    0.8850    0.0074
    1.0497    0.0077
    1.2126    0.0033
    1.3736    0.0018
    1.5315    0.0111
    1.6838    0.0145
    1.8272    0.0136
    1.9574    0.0162
    2.0702    0.0014
    2.1611    0.0147
    2.2266    0.0162
    2.2640    0.0010
    2.2724    0.0205
    2.2522    0.0067
    2.2061    0.0186
    2.1384    0.0097
    2.0550    0.0103
    1.9631    0.0123
    1.8708    0.0097
    1.7865    0.0033
    1.7181    0.0140
    1.6729    0.0050
    1.6567    0.0153
    1.6734    0.0206
    1.7250    0.0210
    1.8109    0.0073
    1.9282    0.0140
    2.0716    0.0098
    2.2342    0.0022
    2.4072    0.0176
    2.5809    0.0180
    2.7454    0.0094
    2.8912    0.0017
    3.0097    0.0000
    3.0942    0.0136
    3.1403    0.0122
    3.1464    0.0121
    3.1139    0.0208
    3.0473    0.0074
    2.9537    0.0093
    2.8430    0.0102
    2.7266    0.0002
    2.6169    0.0095
    2.5265    0.0065
    2.4670    0.0080
    2.4481    0.0125
    2.4770    0.0176
    2.5572    0.0095
    2.6885    0.0060
    2.8667    0.0092
    3.0837    0.0045
    3.3281    0.0136
    3.5856    0.0377
    3.8406    0.0462
    4.0769    0.0312
    4.2788    0.0286
    4.4329    0.0261
    4.5289    0.0158
    4.5601    0.0064
    4.5246    0.0117
    4.4249    0.0128
    4.2682    0.0077
    4.0654    0.0026
    3.8308    0.0103
    3.5805    0.0254
    3.3312    0.0250
    3.0987    0.0203
    2.8969    0.0269
    2.7365    0.0208
    2.6240    0.0248
    2.5612    0.0300
    2.5456    0.0269
    2.5697    0.0217
    2.6228    0.0235
    2.6914    0.0080
    2.7604    0.0170
    2.8149    0.0013
    2.8412    0.0330
    2.8287    0.0145
    2.7699    0.0215
    2.6621    0.0415
    2.5071    0.0357
    2.3112    0.0234
    2.0847    0.0181
    1.8411    0.0142
    1.5956    0.0239
    1.3639    0.0100
    1.1607    0.0218
    0.9986    0.0100
    0.8866    0.0032
    0.8293    0.0132
    0.8268    0.0125
    0.8747    0.0151
    0.9641    0.0240
    1.0829    0.0275
    1.2164    0.0286
    1.3494    0.0347
    1.4666    0.0233
    1.5546    0.0260
    1.6029    0.0160
    1.6045    0.0060
    1.5562    0.0182
    1.4593    0.0082
    1.3188    0.0049
    1.1428    0.0244
    0.9419    0.0341
    0.7279    0.0122
    0.5127    0.0075
    0.3072    0.0054
    0.1208    0.0005
   -0.0398    0.0073
   -0.1706    0.0077
   -0.2705    0.0128
   -0.3410    0.0305
   -0.3858    0.0200
   -0.4099    0.0117
   -0.4192    0.0062
   -0.4194    0.0173
   -0.4156    0.0271
   -0.4112    0.0245
   -0.4083    0.0242
   -0.4071    0.0245
   -0.4062    0.0025
   -0.4027    0.0004
   -0.3927    0.0202
   -0.3722    0.0162
   -0.3371    0.0135
   -0.2841    0.0225
   -0.2111    0.0218
   -0.1172    0.0142
   -0.0030    0.0043
    0.1294    0.0091
    0.2768    0.0179
    0.4349    0.0027
    0.5990    0.0093
    0.7641    0.0284
    0.9255    0.0257
    1.0789    0.0163
    1.2204    0.0069
    1.3471    0.0069
    1.4565    0.0001
    1.5468    0.0043
    1.6167    0.0066
    1.6651    0.0024
    1.6909    0.0117
    1.6930    0.0081
    1.6702    0.0088
    1.6212    0.0055
    1.5447    0.0196
    1.4396    0.0286
    1.3049    0.0208
    1.1405    0.0294
    0.9468    0.0191
    0.7255    0.0118
    0.4794    0.0239
    0.2127    0.0268
   -0.0689    0.0181
   -0.3584    0.0147
   -0.6478    0.0377
   -0.9281    0.0358
   -1.1898    0.0190
   -1.4234    0.0091
   -1.6200    0.0226
   -1.7718    0.0155
   -1.8726    0.0182
   -1.9183    0.0284
   -1.9074    0.0077
   -1.8408    0.0140
   -1.7224    0.0117
   -1.5586    0.0076
   -1.3578    0.0223
   -1.1304    0.0046
   -0.8878    0.0137
   -0.6416    0.0119
   -0.4030    0.0157
   -0.1820    0.0047
    0.0132    0.0084
    0.1767    0.0180
    0.3052    0.0162
    0.3982    0.0071
    0.4576    0.0176
    0.4878    0.0232
    0.4944    0.0239
    0.4845    0.0140
    0.4653    0.0158
    0.4436    0.0135
    0.4253    0.0265
    0.4147    0.0090
    0.4141    0.0262
    0.4238    0.0363
    0.4419    0.0279
    0.4647    0.0321
    0.4871    0.0141
    0.5031    0.0224
    0.5062    0.0238
    0.4907    0.0064
    0.4517    0.0000
    0.3857    0.0107
    0.2913    0.0289
    0.1691    0.0251
    0.0219    0.0362
   -0.1458    0.0266
   -0.3278    0.0186
   -0.5172    0.0227
   -0.7067    0.0084
   -0.8893    0.0092
   -1.0591    0.0234
   -1.2115    0.0052
   -1.3438    0.0141
   -1.4552    0.0029
   -1.5469    0.0083
   -1.6216    0.0163
   -1.6833    0.0087
   -1.7367    0.0091
   -1.7865    0.0081
   -1.8369    0.0138
   -1.8912    0.0124
   -1.9512    0.0077
   -2.0168    0.0145
   -2.0867    0.0082
   -2.1578    0.0043
   -2.2258    0.0034
   -2.2860    0.0032
   -2.3332    0.0062
   -2.3628    0.0069
   -2.3711    0.0242
   -2.3558    0.0377
   -2.3161    0.0303
   -2.2528    0.0402
   -2.1685    0.0259
   -2.0673    0.0157
   -1.9540    0.0043
   -1.8341    0.0186
   -1.7133    0.0181
   -1.5966    0.0006
   -1.4882    0.0023
   -1.3911    0.0067
   -1.3068    0.0138
   -1.2356    0.0027
   -1.1762    0.0141
   -1.1268    0.0090
   -1.0846    0.0110
   -1.0473    0.0219
   -1.0125    0.0153
   -0.9789    0.0314
   -0.9464    0.0138
   -0.9163    0.0100
   -0.8909    0.0159
   -0.8739    0.0103
   -0.8696    0.0143
   -0.8823    0.0154
   -0.9164    0.0173
   -0.9749    0.0366
   -1.0595    0.0322
   -1.1700    0.0334
   -1.3040    0.0283
   -1.4569    0.0183
   -1.6223    0.0060
   -1.7919    0.0006
   -1.9568    0.0071
   -2.1076    0.0114
   -2.2356    0.0142
   -2.3337    0.0143
   -2.3965    0.0264
   -2.4216    0.0222
   -2.4092    0.0242
   -2.3628    0.0225
   -2.2886    0.0379
   -2.1952    0.0169
   -2.0926    0.0189
   -1.9917    0.0161
   -1.9028    0.0075
   -1.8354    0.0065
   -1.7965    0.0062
   -1.7904    0.0102
   -1.8180    0.0102
   -1.8769    0.0294
   -1.9615    0.0394
   -2.0633    0.0402
   -2.1719    0.0256
   -2.2758    0.0251
   -2.3639    0.0487
   -2.4260    0.0366
   -2.4543    0.0370
   -2.4438    0.0175
   -2.3934    0.0034
   -2.3054    0.0073
   -2.1860    0.0246
   -2.0447    0.0123
   -1.8931    0.0159
   -1.7443    0.0269
   -1.6114    0.0205
   -1.5066    0.0185
   -1.4399    0.0113
   -1.4182    0.0005
   -1.4445    0.0129
   -1.5177    0.0206
   -1.6328    0.0073
   -1.7809    0.0083
   -1.9502    0.0028
   -2.1273    0.0163
   -2.2980    0.0134
   -2.4490    0.0291
   -2.5687    0.0166
   -2.6489    0.0170
   -2.6853    0.0096
   -2.6780    0.0103
   -2.6319    0.0088
   -2.5557    0.0413
   -2.4620    0.0402
   -2.3658    0.0365
   -2.2829    0.0486
   -2.2287    0.0169
   -2.2168    0.0134
   -2.2571    0.0119
   -2.3555    0.0055
   -2.5124    0.0086
   -2.7227    0.0265
   -2.9760    0.0278
   -3.2573    0.0132
   -3.5477    0.0107
   -3.8264    0.0162
   -4.0717    0.0073
   -4.2634    0.0001
   -4.3838    0.0059
   -4.4195    0.0096
   -4.3624    0.0087
   -4.2103    0.0081
   -3.9674    0.0001
   -3.6436    0.0072
   -3.2541    0.0052
   -2.8180    0.0170
   -2.3567    0.0110
   -1.8927    0.0177
   -1.4474    0.0147
   -1.0402    0.0285
   -0.6865    0.0322
   -0.3971    0.0091
   -0.1777    0.0025
   -0.0285    0.0233
    0.0552    0.0167
    0.0824    0.0183