           [1>1]           [1>2]           [2>1]           [2>2]
  0.0000000E+000  0.0000000E+000  0.0000000E+000  0.0000000E+000
  0.0000000E+000  2.0789507E-002  2.1802999E-001  0.0000000E+000
  0.0000000E+000  5.0394910E-002  2.1515030E-001  0.0000000E+000
  0.0000000E+000  7.1265856E-002  2.1062207E-001  0.0000000E+000
  0.0000000E+000  8.5820263E-002  2.0479591E-001  0.0000000E+000
  0.0000000E+000  9.7888856E-002  1.9807018E-001  0.0000000E+000
  0.0000000E+000  1.0968775E-001  1.9083466E-001  0.0000000E+000
  0.0000000E+000  1.2238880E-001  1.8342993E-001  0.0000000E+000
  0.0000000E+000  1.3640464E-001  1.7612614E-001  0.0000000E+000
  0.0000000E+000  1.5109299E-001  1.6911823E-001  0.0000000E+000
  0.0000000E+000  1.6388154E-001  1.6253204E-001  0.0000000E+000
  0.0000000E+000  1.6948710E-001  1.5643593E-001  0.0000000E+000
  0.0000000E+000  1.6185686E-001  1.5085364E-001  0.0000000E+000
  0.0000000E+000  1.4063413E-001  1.4577613E-001  0.0000000E+000
  0.0000000E+000  1.1427974E-001  1.4117134E-001  0.0000000E+000
  0.0000000E+000  9.2542029E-002  1.3699158E-001  0.0000000E+000
  0.0000000E+000  7.9505363E-002  1.3317914E-001  0.0000000E+000
  0.0000000E+000  7.4591765E-002  1.2967024E-001  0.0000000E+000
  0.0000000E+000  7.5594406E-002  1.2639821E-001  0.0000000E+000
  0.0000000E+000  7.9930060E-002  1.2329612E-001  0.0000000E+000
  0.0000000E+000  8.4586522E-002  1.2029936E-001  0.0000000E+000
  0.0000000E+000  8.6111229E-002  1.1734829E-001  0.0000000E+000
  0.0000000E+000  8.1792490E-002  1.1439106E-001  0.0000000E+000
  0.0000000E+000  7.1647550E-002  1.1138629E-001  0.0000000E+000
  0.0000000E+000  5.8638432E-002  1.0830527E-001  0.0000000E+000
  0.0000000E+000  4.6329678E-002  1.0513316E-001  0.0000000E+000
  0.0000000E+000  3.6853229E-002  1.0186866E-001  0.0000000E+000
  0.0000000E+000  3.0797252E-002  9.8521943E-002  0.0000000E+000
  0.0000000E+000  2.7982355E-002  9.5110916E-002  0.0000000E+000
  0.0000000E+000  2.8096048E-002  9.1656311E-002  0.0000000E+000
  0.0000000E+000  3.1011036E-002  8.8176352E-002  0.0000000E+000
  0.0000000E+000  3.6937373E-002  8.4681855E-002  0.0000000E+000
  0.0000000E+000  4.6547967E-002  8.1172534E-002  0.0000000E+000
  0.0000000E+000  6.1151223E-002  7.7635019E-002  0.0000000E+000
  0.0000000E+000  8.2895802E-002  7.4042886E-002  0.0000000E+000
  0.0000000E+000  1.1471688E-001  7.0358845E-002  0.0000000E+000
  0.0000000E+000  1.5884684E-001  6.6539129E-002  0.0000000E+000
  0.0000000E+000  2.1130204E-001  6.2540059E-002  0.0000000E+000
  0.0000000E+000  2.5384164E-001  5.8326556E-002  0.0000000E+000
  0.0000000E+000  2.6294834E-001  5.3881890E-002  0.0000000E+000
  0.0000000E+000  2.3914671E-001  4.9217270E-002  0.0000000E+000
  0.0000000E+000  2.0384044E-001  4.4379030E-002  0.0000000E+000
  0.0000000E+000  1.7270625E-001  3.9450771E-002  0.0000000E+000
  0.0000000E+000  1.5037142E-001  3.4548319E-002  0.0000000E+000
  0.0000000E+000  1.3662788E-001  2.9807161E-002  0.0000000E+000
  0.0000000E+000  1.3060747E-001  2.5364527E-002  0.0000000E+000
  0.0000000E+000  1.3249704E-001  2.1340513E-002  0.0000000E+000
  0.0000000E+000  1.4485842E-001  1.7823111E-002  0.0000000E+000
  0.0000000E+000  1.7546369E-001  1.4860502E-002  0.0000000E+000
  0.0000000E+000  2.4388033E-001  1.2461290E-002  0.0000000E+000
  0.0000000E+000  3.7847825E-001  1.0600914E-002  0.0000000E+000
  0.0000000E+000  4.8712956E-001  9.2312607E-003  0.0000000E+000
  0.0000000E+000  3.9569430E-001  8.2906794E-003  0.0000000E+000
  0.0000000E+000  2.7833957E-001  7.7124870E-003  0.0000000E+000
  0.0000000E+000  2.0611935E-001  7.4311561E-003  0.0000000E+000
  0.0000000E+000  1.5521451E-001  7.3861601E-003  0.0000000E+000
  0.0000000E+000  1.0731036E-001  7.5238966E-003  0.0000000E+000
  0.0000000E+000  5.9789914E-002  7.7982381E-003  0.0000000E+000
  0.0000000E+000  2.2828005E-002  8.1702221E-003  0.0000000E+000
  0.0000000E+000  4.0624675E-003  8.6072788E-003  0.0000000E+000
  0.0000000E+000  2.5364629E-004  9.0822789E-003  0.0000000E+000
  0.0000000E+000  4.4300332E-003  9.5725846E-003  0.0000000E+000
  0.0000000E+000  1.1734750E-002  1.0059229E-002  0.0000000E+000
  0.0000000E+000  1.9805358E-002  1.0526317E-002  0.0000000E+000
  0.0000000E+000  2.7693902E-002  1.0960740E-002  0.0000000E+000
  0.0000000E+000  3.5088872E-002  1.1352341E-002  0.0000000E+000
  0.0000000E+000  4.1933512E-002  1.1694709E-002  0.0000000E+000
  0.0000000E+000  4.8261572E-002  1.1986894E-002  0.0000000E+000
  0.0000000E+000  5.4131060E-002  1.2236453E-002  0.0000000E+000
  0.0000000E+000  5.9599214E-002  1.2464302E-002  0.0000000E+000
  0.0000000E+000  6.4714250E-002  1.2711820E-002  0.0000000E+000
  0.0000000E+000  6.9513720E-002  1.3050147E-002  0.0000000E+000
  0.0000000E+000  7.4025292E-002  1.3590249E-002  0.0000000E+000
  0.0000000E+000  7.8268270E-002  1.4489544E-002  0.0000000E+000
  0.0000000E+000  8.2255215E-002  1.5946957E-002  0.0000000E+000
  0.0000000E+000  8.5993415E-002  1.8175907E-002  0.0000000E+000
  0.0000000E+000  8.9486167E-002  2.1350073E-002  0.0000000E+000
  0.0000000E+000  9.2733866E-002  2.5534957E-002  0.0000000E+000
  0.0000000E+000  9.5734920E-002  3.0640880E-002  0.0000000E+000
  0.0000000E+000  9.8486525E-002  3.6434173E-002  0.0000000E+000
  0.0000000E+000  1.0098532E-001  4.2608122E-002  0.0000000E+000
  0.0000000E+000  1.0322791E-001  4.8872369E-002  0.0000000E+000
  0.0000000E+000  1.0521138E-001  5.5012992E-002  0.0000000E+000
  0.0000000E+000  1.0693358E-001  6.0905675E-002  0.0000000E+000
  0.0000000E+000  1.0839348E-001  6.6494888E-002  0.0000000E+000
  0.0000000E+000  1.0959137E-001  7.1760698E-002  0.0000000E+000
  0.0000000E+000  1.1052898E-001  7.6687750E-002  0.0000000E+000
  0.0000000E+000  1.1120959E-001  8.1241826E-002  0.0000000E+000
  0.0000000E+000  1.1163808E-001  8.5354232E-002  0.0000000E+000
  0.0000000E+000  1.1182082E-001  8.8913295E-002  0.0000000E+000
  0.0000000E+000  1.1176569E-001  9.1763279E-002  0.0000000E+000
  0.0000000E+000  1.1148190E-001  9.3712561E-002  0.0000000E+000
  0.0000000E+000  1.1097987E-001  9.4553527E-002  0.0000000E+000
  0.0000000E+000  1.1027105E-001  9.4095286E-002  0.0000000E+000
  0.0000000E+000  1.0936777E-001  9.2206135E-002  0.0000000E+000
  0.0000000E+000  1.0828298E-001  8.8856624E-002  0.0000000E+000
  0.0000000E+000  1.0703014E-001  8.4149072E-002  0.0000000E+000
  0.0000000E+000  1.0562297E-001  7.8320020E-002  0.0000000E+000
  0.0000000E+000  1.0407530E-001  7.1710581E-002  0.0000000E+000
  0.0000000E+000  1.0240088E-001  6.4712665E-002  0.0000000E+000
  0.0000000E+000  1.0061327E-001  5.7708707E-002  0.0000000E+000
  0.0000000E+000  9.8725684E-002  5.1023094E-002  0.0000000E+000
  0.0000000E+000  9.6750864E-002  4.4895634E-002  0.0000000E+000
  0.0000000E+000  9.4701024E-002  3.9477378E-002  0.0000000E+000
  0.0000000E+000  9.2587758E-002  3.4842273E-002  0.0000000E+000
  0.0000000E+000  9.0421989E-002  3.1006379E-002  0.0000000E+000
  0.0000000E+000  8.8213931E-002  2.7948043E-002  0.0000000E+000
  0.0000000E+000  8.5973073E-002  2.5625286E-002  0.0000000E+000
  0.0000000E+000  8.3708165E-002  2.3989063E-002  0.0000000E+000
  0.0000000E+000  8.1427226E-002  2.2992550E-002  0.0000000E+000
  0.0000000E+000  7.9137556E-002  2.2597272E-002  0.0000000E+000
  0.0000000E+000  7.6845763E-002  2.2777005E-002  0.0000000E+000
  0.0000000E+000  7.4557788E-002  2.3520232E-002  0.0000000E+000
  0.0000000E+000  7.2278944E-002  2.4831630E-002  0.0000000E+000
  0.0000000E+000  7.0013953E-002  2.6732641E-002  0.0000000E+000
  0.0000000E+000  6.7766992E-002  2.9260480E-002  0.0000000E+000
  0.0000000E+000  6.5541739E-002  3.2463732E-002  0.0000000E+000
  0.0000000E+000  6.3341422E-002  3.6390383E-002  0.0000000E+000
  0.0000000E+000  6.1168868E-002  4.1059917E-002  0.0000000E+000
  0.0000000E+000  5.9026560E-002  4.6404566E-002  0.0000000E+000
  0.0000000E+000  5.6916687E-002  5.2158658E-002  0.0000000E+000
  0.0000000E+000  5.4841210E-002  5.7685086E-002  0.0000000E+000
  0.0000000E+000  5.2801920E-002  6.1798773E-002  0.0000000E+000
  0.0000000E+000  5.0800507E-002  6.2827762E-002  0.0000000E+000
  0.0000000E+000  4.8838639E-002  5.9290483E-002  0.0000000E+000
  0.0000000E+000  4.6918046E-002  5.1083874E-002  0.0000000E+000
  0.0000000E+000  4.5040623E-002  3.9990444E-002  0.0000000E+000
  0.0000000E+000  4.3208543E-002  2.8615707E-002  0.0000000E+000
  0.0000000E+000  4.1424408E-002  1.8887381E-002  0.0000000E+000
  0.0000000E+000  3.9691417E-002  1.1551455E-002  0.0000000E+000
  0.0000000E+000  3.8013591E-002  6.5396332E-003  0.0000000E+000
  0.0000000E+000  3.6396049E-002  3.4637500E-003  0.0000000E+000
  0.0000000E+000  3.4845365E-002  1.9075113E-003  0.0000000E+000
  0.0000000E+000  3.3370027E-002  1.5366142E-003  0.0000000E+000
  0.0000000E+000  3.1981047E-002  2.1183390E-003  0.0000000E+000
  0.0000000E+000  3.0692756E-002  3.5097137E-003  0.0000000E+000
  0.0000000E+000  2.9523874E-002  5.6401352E-003  0.0000000E+000
  0.0000000E+000  2.8498934E-002  8.4970047E-003  0.0000000E+000
  0.0000000E+000  2.7650229E-002  1.2115952E-002  0.0000000E+000
  0.0000000E+000  2.7020443E-002  1.6574812E-002  0.0000000E+000
  0.0000000E+000  2.6666273E-002  2.1989646E-002  0.0000000E+000
  0.0000000E+000  2.6663407E-002  2.8510400E-002  0.0000000E+000
  0.0000000E+000  2.7113377E-002  3.6312601E-002  0.0000000E+000
  0.0000000E+000  2.8152994E-002  4.5579477E-002  0.0000000E+000
  0.0000000E+000  2.9967186E-002  5.6466067E-002  0.0000000E+000
  0.0000000E+000  3.2806133E-002  6.9034315E-002  0.0000000E+000
  0.0000000E+000  3.7007125E-002  8.3149622E-002  0.0000000E+000
  0.0000000E+000  4.3020025E-002  9.8342805E-002  0.0000000E+000
  0.0000000E+000  5.1430712E-002  1.1367745E-001  0.0000000E+000
  0.0000000E+000  6.2966501E-002  1.2771907E-001  0.0000000E+000
  0.0000000E+000  7.8446412E-002  1.3873397E-001  0.0000000E+000
  0.0000000E+000  9.8605367E-002  1.4516164E-001  0.0000000E+000
  0.0000000E+000  1.2369297E-001  1.4618065E-001  0.0000000E+000
  0.0000000E+000  1.5280224E-001  1.4201747E-001  0.0000000E+000
  0.0000000E+000  1.8316861E-001  1.3378584E-001  0.0000000E+000
  0.0000000E+000  2.1018057E-001  1.2299986E-001  0.0000000E+000
  0.0000000E+000  2.2887245E-001  1.1109077E-001  0.0000000E+000
  0.0000000E+000  2.3634026E-001  9.9138545E-002  0.0000000E+000
  0.0000000E+000  2.3304422E-001  8.7822287E-002  0.0000000E+000
  0.0000000E+000  2.2191597E-001  7.7492316E-002  0.0000000E+000
  0.0000000E+000  2.0647266E-001  6.8274748E-002  0.0000000E+000
  0.0000000E+000  1.8951993E-001  6.0162442E-002  0.0000000E+000
  0.0000000E+000  1.7280974E-001  5.3079269E-002  0.0000000E+000
  0.0000000E+000  1.5723157E-001  4.6920216E-002  0.0000000E+000
  0.0000000E+000  1.4312252E-001  4.1574144E-002  0.0000000E+000
  0.0000000E+000  1.3051666E-001  3.6935496E-002  0.0000000E+000
  0.0000000E+000  1.1930335E-001  3.2909515E-002  0.0000000E+000
  0.0000000E+000  1.0931574E-001  2.9413882E-002  0.0000000E+000
  0.0000000E+000  1.0037574E-001  2.6378518E-002  0.0000000E+000
  0.0000000E+000  9.2314642E-002  2.3744542E-002  0.0000000E+000
  0.0000000E+000  8.4981099E-002  2.1462902E-002  0.0000000E+000
  0.0000000E+000  7.8242863E-002  1.9492943E-002  0.0000000E+000
  0.0000000E+000  7.1985843E-002  1.7801037E-002  0.0000000E+000
  0.0000000E+000  6.6112163E-002  1.6359276E-002  0.0000000E+000
  0.0000000E+000  6.0538123E-002  1.5144221E-002  0.0000000E+000
  0.0000000E+000  5.5192512E-002  1.4135643E-002  0.0000000E+000
  0.0000000E+000  5.0015497E-002  1.3315150E-002  0.0000000E+000
  0.0000000E+000  4.4958276E-002  1.2664624E-002  0.0000000E+000
  0.0000000E+000  3.9983662E-002  1.2164320E-002  0.0000000E+000
  0.0000000E+000  3.5067836E-002  1.1790598E-002  0.0000000E+000
  0.0000000E+000  3.0203572E-002  1.1513364E-002  0.0000000E+000
  0.0000000E+000  2.5405311E-002  1.1293699E-002  0.0000000E+000
  0.0000000E+000  2.0716499E-002  1.1082936E-002  0.0000000E+000
  0.0000000E+000  1.6219500E-002  1.0825481E-002  0.0000000E+000
  0.0000000E+000  1.2047984E-002  1.0468529E-002  0.0000000E+000
  0.0000000E+000  8.4007393E-003  9.9805812E-003  0.0000000E+000
  0.0000000E+000  5.5539444E-003  9.3751678E-003  0.0000000E+000
  0.0000000E+000  3.8659220E-003  8.7273796E-003  0.0000000E+000
  0.0000000E+000  3.7645498E-003  8.1673186E-003  0.0000000E+000
  0.0000000E+000  5.7049570E-003  7.8465397E-003  0.0000000E+000
  0.0000000E+000  1.0088193E-002  7.8946972E-003  0.0000000E+000
  0.0000000E+000  1.7145763E-002  8.3912426E-003  0.0000000E+000
  0.0000000E+000  2.6820644E-002  9.3626541E-003  0.0000000E+000
  0.0000000E+000  3.8699333E-002  1.0797174E-002  0.0000000E+000
  0.0000000E+000  5.2045898E-002  1.2663353E-002  0.0000000E+000
  0.0000000E+000  6.5944278E-002  1.4923928E-002  0.0000000E+000
  0.0000000E+000  7.9494100E-002  1.7543221E-002  0.0000000E+000
  0.0000000E+000  9.1977542E-002  2.0489594E-002  0.0000000E+000
  0.0000000E+000  1.0294152E-001  2.3735132E-002  0.0000000E+000
  0.0000000E+000  1.1219208E-001  2.7254103E-002  0.0000000E+000
  0.0000000E+000  1.1973447E-001  3.1021129E-002  0.0000000E+000
  0.0000000E+000  1.2569785E-001  3.5009472E-002  0.0000000E+000
  0.0000000E+000  1.3027005E-001  3.9189627E-002  0.0000000E+000
  0.0000000E+000  1.3365199E-001  4.3528254E-002  0.0000000E+000
  0.0000000E+000  1.3603061E-001  4.7987457E-002  0.0000000E+000
  0.0000000E+000  1.3756584E-001  5.2524372E-002  0.0000000E+000
  0.0000000E+000  1.3838624E-001  5.7091062E-002  0.0000000E+000
  0.0000000E+000  1.3858941E-001  6.1634646E-002  0.0000000E+000
  0.0000000E+000  1.3824460E-001  6.6097649E-002  0.0000000E+000
  0.0000000E+000  1.3739606E-001  7.0418487E-002  0.0000000E+000
  0.0000000E+000  1.3606631E-001  7.4532039E-002  0.0000000E+000
  0.0000000E+000  1.3425899E-001  7.8370214E-002  0.0000000E+000
  0.0000000E+000  1.3196136E-001  8.1862445E-002  0.0000000E+000
  0.0000000E+000  1.2914650E-001  8.4936007E-002  0.0000000E+000
  0.0000000E+000  1.2577544E-001  8.7516112E-002  0.0000000E+000
  0.0000000E+000  1.2179953E-001  8.9525714E-002  0.0000000E+000
  0.0000000E+000  1.1716364E-001  9.0885036E-002  0.0000000E+000
  0.0000000E+000  1.1181050E-001  9.1510847E-002  0.0000000E+000
  0.0000000E+000  1.0568710E-001  9.1315692E-002  0.0000000E+000
  0.0000000E+000  9.8753763E-002  9.0207387E-002  0.0000000E+000
  0.0000000E+000  9.0996538E-002  8.8089462E-002  0.0000000E+000
  0.0000000E+000  8.2443070E-002  8.4863693E-002  0.0000000E+000
  0.0000000E+000  7.3181236E-002  8.0436707E-002  0.0000000E+000
  0.0000000E+000  6.3377983E-002  7.4733792E-002  0.0000000E+000
  0.0000000E+000  5.3293593E-002  6.7724607E-002  0.0000000E+000
  0.0000000E+000  4.3284304E-002  5.9466678E-002  0.0000000E+000
  0.0000000E+000  3.3785535E-002  5.0171724E-002  0.0000000E+000
  0.0000000E+000  2.5270782E-002  4.0292625E-002  0.0000000E+000
  0.0000000E+000  1.8188635E-002  3.0608996E-002  0.0000000E+000
  0.0000000E+000  1.2890474E-002  2.2254066E-002  0.0000000E+000
  0.0000000E+000  9.5690881E-003  1.6592919E-002  0.0000000E+000
  0.0000000E+000  8.2277643E-003  1.4887761E-002  0.0000000E+000
  0.0000000E+000  8.6891045E-003  1.7825589E-002  0.0000000E+000
  0.0000000E+000  1.0637977E-002  2.5169611E-002  0.0000000E+000
  0.0000000E+000  1.3682153E-002  3.5802027E-002  0.0000000E+000
  0.0000000E+000  1.7412125E-002  4.8151824E-002  0.0000000E+000
  0.0000000E+000  2.1447209E-002  6.0717030E-002  0.0000000E+000
  0.0000000E+000  2.5463185E-002  7.2397024E-002  0.0000000E+000
  0.0000000E+000  2.9203282E-002  8.2566227E-002  0.0000000E+000
  0.0000000E+000  3.2477421E-002  9.0984239E-002  0.0000000E+000
  0.0000000E+000  3.5154965E-002  9.7658907E-002  0.0000000E+000
  0.0000000E+000  3.7155082E-002  1.0272892E-001  0.0000000E+000
  0.0000000E+000  3.8437322E-002  1.0638487E-001  0.0000000E+000
  0.0000000E+000  3.8993707E-002  1.0882417E-001  0.0000000E+000
  0.0000000E+000  3.8842771E-002  1.1022892E-001  0.0000000E+000
  0.0000000E+000  3.8025423E-002  1.1075726E-001  0.0000000E+000
  0.0000000E+000  3.6602266E-002  1.1054195E-001  0.0000000E+000
  0.0000000E+000  3.4651850E-002  1.0969201E-001  0.0000000E+000
  0.0000000E+000  3.2269312E-002  1.0829584E-001  0.0000000E+000
  0.0000000E+000  2.9564884E-002  1.0642431E-001  0.0000000E+000
  0.0000000E+000  2.6661789E-002  1.0413372E-001  0.0000000E+000
  0.0000000E+000  2.3693185E-002  1.0146838E-001  0.0000000E+000
  0.0000000E+000  2.0797960E-002  9.8462703E-002  0.0000000E+000
  0.0000000E+000  1.8115433E-002  9.5143096E-002  0.0000000E+000
  0.0000000E+000  1.5779222E-002  9.1529607E-002  0.0000000E+000
  0.0000000E+000  1.3910811E-002  8.7637652E-002  0.0000000E+000
  0.0000000E+000  1.2613474E-002  8.3480048E-002  0.0000000E+000
  0.0000000E+000  1.1967289E-002  7.9069777E-002  0.0000000E+000
  0.0000000E+000  1.2025853E-002  7.4424088E-002  0.0000000E+000
  0.0000000E+000  1.2815098E-002  6.9570836E-002  0.0000000E+000
  0.0000000E+000  1.4334297E-002  6.4558237E-002  0.0000000E+000
  0.0000000E+000  1.6559029E-002  5.9469359E-002  0.0000000E+000
  0.0000000E+000  1.9445630E-002  5.4442070E-002  0.0000000E+000
  0.0000000E+000  2.2936504E-002  4.9692602E-002  0.0000000E+000
  0.0000000E+000  2.6965662E-002  4.5534419E-002  0.0000000E+000
  0.0000000E+000  3.1463929E-002  4.2372684E-002  0.0000000E+000
  0.0000000E+000  3.6363422E-002  4.0643543E-002  0.0000000E+000
  0.0000000E+000  4.1601049E-002  4.0676284E-002  0.0000000E+000
  0.0000000E+000  4.7120936E-002  4.2510878E-002  0.0000000E+000
  0.0000000E+000  5.2875794E-002  4.5784804E-002  0.0000000E+000
  0.0000000E+000  5.8827276E-002  4.9809426E-002  0.0000000E+000
  0.0000000E+000  6.4945387E-002  5.3818241E-002  0.0000000E+000
  0.0000000E+000  7.1206948E-002  5.7219789E-002  0.0000000E+000
  0.0000000E+000  7.7593035E-002  5.9709388E-002  0.0000000E+000
  0.0000000E+000  8.4085164E-002  6.1235267E-002  0.0000000E+000
  0.0000000E+000  9.0659836E-002  6.1901548E-002  0.0000000E+000
  0.0000000E+000  9.7280860E-002  6.1878583E-002  0.0000000E+000
  0.0000000E+000  1.0388869E-001  6.1346285E-002  0.0000000E+000
  0.0000000E+000  1.1038594E-001  6.0467314E-002  0.0000000E+000
  0.0000000E+000  1.1661866E-001  5.9378989E-002  0.0000000E+000
  0.0000000E+000  1.2235380E-001  5.8194523E-002  0.0000000E+000
  0.0000000E+000  1.2725641E-001  5.7007968E-002  0.0000000E+000
  0.0000000E+000  1.3087459E-001  5.5900130E-002  0.0000000E+000
  0.0000000E+000  1.3264799E-001  5.4944343E-002  0.0000000E+000
  0.0000000E+000  1.3196172E-001  5.4211910E-002  0.0000000E+000
  0.0000000E+000  1.2826481E-001  5.3777330E-002  0.0000000E+000
  0.0000000E+000  1.2124767E-001  5.3723630E-002  0.0000000E+000
  0.0000000E+000  1.1102336E-001  5.4148167E-002  0.0000000E+000
  0.0000000E+000  9.8214179E-002  5.5169277E-002  0.0000000E+000
  0.0000000E+000  8.3861083E-002  5.6934088E-002  0.0000000E+000
  0.0000000E+000  6.9171632E-002  5.9627637E-002  0.0000000E+000
  0.0000000E+000  5.5226865E-002  6.3482932E-002  0.0000000E+000
  0.0000000E+000  4.2782555E-002  6.8790482E-002  0.0000000E+000
  0.0000000E+000  3.2219568E-002  7.5903487E-002  0.0000000E+000
  0.0000000E+000  2.3608243E-002  8.5230354E-002  0.0000000E+000
  0.0000000E+000  1.6817784E-002  9.7198700E-002  0.0000000E+000
  0.0000000E+000  1.1618129E-002  1.1216494E-001  0.0000000E+000
  0.0000000E+000  7.7522264E-003  1.3023776E-001  0.0000000E+000
  0.0000000E+000  4.9779983E-003  1.5100225E-001  0.0000000E+000
  0.0000000E+000  3.0879475E-003  1.7320964E-001  0.0000000E+000
  0.0000000E+000  1.9151335E-003  1.9464475E-001  0.0000000E+000
  0.0000000E+000  1.3321103E-003  2.1247850E-001  0.0000000E+000
  0.0000000E+000  1.2469589E-003  2.2419224E-001  0.0000000E+000
  0.0000000E+000  1.5987001E-003  2.2860287E-001  0.0000000E+000
  0.0000000E+000  2.3532084E-003  2.2624160E-001  0.0000000E+000
  0.0000000E+000  3.5000898E-003  2.1885956E-001  0.0000000E+000
  0.0000000E+000  5.0506466E-003  2.0855908E-001  0.0000000E+000
  0.0000000E+000  7.0368765E-003  1.9714121E-001  0.0000000E+000
  0.0000000E+000  9.5113396E-003  1.8585917E-001  0.0000000E+000
  0.0000000E+000  1.2547593E-002  1.7545298E-001  0.0000000E+000
  0.0000000E+000  1.6240661E-002  1.6628950E-001  0.0000000E+000
  0.0000000E+000  2.0706569E-002  1.5850263E-001  0.0000000E+000
  0.0000000E+000  2.6079197E-002  1.5209770E-001  0.0000000E+000
  0.0000000E+000  3.2501411E-002  1.4701849E-001  0.0000000E+000
  0.0000000E+000  4.0105591E-002  1.4318649E-001  0.0000000E+000
  0.0000000E+000  4.8976538E-002  1.4052219E-001  0.0000000E+000
  0.0000000E+000  5.9088943E-002  1.3895558E-001  0.0000000E+000
  0.0000000E+000  7.0216146E-002  1.3843054E-001  0.0000000E+000
  0.0000000E+000  8.1823666E-002  1.3890559E-001  0.0000000E+000
  0.0000000E+000  9.2995388E-002  1.4035254E-001  0.0000000E+000
  0.0000000E+000  1.0247947E-001  1.4275341E-001  0.0000000E+000
  0.0000000E+000  1.0893514E-001  1.4609543E-001  0.0000000E+000
  0.0000000E+000  1.1135093E-001  1.5036340E-001  0.0000000E+000
  0.0000000E+000  1.0942984E-001  1.5552817E-001  0.0000000E+000
  0.0000000E+000  1.0368730E-001  1.6152907E-001  0.0000000E+000
  0.0000000E+000  9.5201084E-002  1.6824789E-001  0.0000000E+000
  0.0000000E+000  8.5203233E-002  1.7547158E-001  0.0000000E+000
  0.0000000E+000  7.4754004E-002  1.8284204E-001  0.0000000E+000
  0.0000000E+000  6.4599930E-002  1.8979621E-001  0.0000000E+000
  0.0000000E+000  5.5179465E-002  1.9551046E-001  0.0000000E+000
  0.0000000E+000  4.6696430E-002  1.9888279E-001  0.0000000E+000
  0.0000000E+000  3.9202599E-002  1.9860993E-001  0.0000000E+000
  0.0000000E+000  3.2663608E-002  1.9342158E-001  0.0000000E+000
  0.0000000E+000  2.7003357E-002  1.8247949E-001  0.0000000E+000
  0.0000000E+000  2.2130759E-002  1.6581515E-001  0.0000000E+000
  0.0000000E+000  1.7954378E-002  1.4454740E-001  0.0000000E+000
  0.0000000E+000  1.4389549E-002  1.2066770E-001  0.0000000E+000
  0.0000000E+000  1.1361192E-002  9.6457783E-002  0.0000000E+000
  0.0000000E+000  8.8043066E-003  7.3867502E-002  0.0000000E+000
  0.0000000E+000  6.6633108E-003  5.4158837E-002  0.0000000E+000
  0.0000000E+000  4.8908947E-003  3.7881766E-002  0.0000000E+000
  0.0000000E+000  3.4467218E-003  2.5053433E-002  0.0000000E+000
  0.0000000E+000  2.2961635E-003  1.5383476E-002  0.0000000E+000
  0.0000000E+000  1.4091454E-003  8.4548753E-003  0.0000000E+000
  0.0000000E+000  7.5914277E-004  3.8375070E-003  0.0000000E+000
  0.0000000E+000  3.2233962E-004  1.1460283E-003  0.0000000E+000
  0.0000000E+000  7.6963779E-005  6.1935640E-005  0.0000000E+000
  0.0000000E+000  2.8111598E-006  3.3616620E-004  0.0000000E+000
  0.0000000E+000  8.0983217E-005  1.7827826E-003  0.0000000E+000
  0.0000000E+000  2.9387086E-004  4.2695358E-003  0.0000000E+000
  0.0000000E+000  6.2542826E-004  7.7080333E-003  0.0000000E+000
  0.0000000E+000  1.0617857E-003  1.2044480E-002  0.0000000E+000
  0.0000000E+000  1.5922480E-003  1.7250998E-002  0.0000000E+000
  0.0000000E+000  2.2107069E-003  2.3317017E-002  0.0000000E+000
  0.0000000E+000  2.9174589E-003  3.0239936E-002  0.0000000E+000
  0.0000000E+000  3.7213501E-003  3.8014079E-002  0.0000000E+000
  0.0000000E+000  4.6420747E-003  4.6616979E-002  0.0000000E+000
  0.0000000E+000  5.7123218E-003  5.5992271E-002  0.0000000E+000
  0.0000000E+000  6.9793327E-003  6.6029302E-002  0.0000000E+000
  0.0000000E+000  8.5053079E-003  7.6541177E-002  0.0000000E+000
  0.0000000E+000  1.0366061E-002  8.7245672E-002  0.0000000E+000
  0.0000000E+000  1.2647392E-002  9.7756775E-002  0.0000000E+000
  0.0000000E+000  1.5438897E-002  1.0759719E-001  0.0000000E+000
  0.0000000E+000  1.8825348E-002  1.1624101E-001  0.0000000E+000
  0.0000000E+000  2.2876283E-002  1.2318798E-001  0.0000000E+000
  0.0000000E+000  2.7634947E-002  1.2805633E-001  0.0000000E+000
  0.0000000E+000  3.3108063E-002  1.3066651E-001  0.0000000E+000
  0.0000000E+000  3.9257957E-002  1.3108420E-001  0.0000000E+000
  0.0000000E+000  4.5998293E-002  1.2960457E-001  0.0000000E+000
  0.0000000E+000  5.3194160E-002  1.2668450E-001  0.0000000E+000
  0.0000000E+000  6.0666619E-002  1.2284996E-001  0.0000000E+000
  0.0000000E+000  6.8201262E-002  1.1860981E-001  0.0000000E+000
  0.0000000E+000  7.5559863E-002  1.1439633E-001  0.0000000E+000
  0.0000000E+000  8.2494006E-002  1.1053743E-001  0.0000000E+000
  0.0000000E+000  8.8759462E-002  1.0725415E-001  0.0000000E+000
  0.0000000E+000  9.4130143E-002  1.0467333E-001  0.0000000E+000
  0.0000000E+000  9.8410608E-002  1.0284634E-001  0.0000000E+000
  0.0000000E+000  1.0144625E-001  1.0176794E-001  0.0000000E+000
  0.0000000E+000  1.0313053E-001  1.0139245E-001  0.0000000E+000
  0.0000000E+000  1.0340894E-001  1.0164627E-001  0.0000000E+000
  0.0000000E+000  1.0227967E-001  1.0243718E-001  0.0000000E+000
  0.0000000E+000  9.9791124E-002  1.0366107E-001  0.0000000E+000
  0.0000000E+000  9.6037003E-002  1.0520688E-001  0.0000000E+000
  0.0000000E+000  9.1149477E-002  1.0696050E-001  0.0000000E+000
  0.0000000E+000  8.5291312E-002  1.0880805E-001  0.0000000E+000
  0.0000000E+000  7.8647679E-002  1.1063886E-001  0.0000000E+000
  0.0000000E+000  7.1418298E-002  1.1234822E-001  0.0000000E+000
  0.0000000E+000  6.3810387E-002  1.1383990E-001  0.0000000E+000
  0.0000000E+000  5.6032715E-002  1.1502835E-001  0.0000000E+000
  0.0000000E+000  4.8290845E-002  1.1584031E-001  0.0000000E+000
  0.0000000E+000  4.0783530E-002  1.1621580E-001  0.0000000E+000
  0.0000000E+000  3.3700053E-002  1.1610828E-001  0.0000000E+000
  0.0000000E+000  2.7218237E-002  1.1548398E-001  0.0000000E+000
  0.0000000E+000  2.1502781E-002  1.1432044E-001  0.0000000E+000
  0.0000000E+000  1.6703528E-002  1.1260433E-001  0.0000000E+000
  0.0000000E+000  1.2953271E-002  1.1032886E-001  0.0000000E+000
  0.0000000E+000  1.0364681E-002  1.0749090E-001  0.0000000E+000
  0.0000000E+000  9.0260069E-003  1.0408825E-001  0.0000000E+000
  0.0000000E+000  8.9952627E-003  1.0011740E-001  0.0000000E+000
  0.0000000E+000  1.0292795E-002  9.5572301E-002  0.0000000E+000
  0.0000000E+000  1.2892439E-002  9.0444726E-002  0.0000000E+000
  0.0000000E+000  1.6711915E-002  8.4727171E-002  0.0000000E+000
  0.0000000E+000  2.1603755E-002  7.8419117E-002  0.0000000E+000
  0.0000000E+000  2.7348791E-002  7.1537555E-002  0.0000000E+000
  0.0000000E+000  3.3654889E-002  6.4131970E-002  0.0000000E+000
  0.0000000E+000  4.0163887E-002  5.6302359E-002  0.0000000E+000
  0.0000000E+000  4.6469211E-002  4.8216123E-002  0.0000000E+000
  0.0000000E+000  5.2144964E-002  4.0116375E-002  0.0000000E+000
  0.0000000E+000  5.6784581E-002  3.2312532E-002  0.0000000E+000
  0.0000000E+000  6.0043847E-002  2.5147179E-002  0.0000000E+000
  0.0000000E+000  6.1680540E-002  1.8942718E-002  0.0000000E+000
  0.0000000E+000  6.1582377E-002  1.3943516E-002  0.0000000E+000
  0.0000000E+000  5.9777063E-002  1.0275472E-002  0.0000000E+000
  0.0000000E+000  5.6422593E-002  7.9384249E-003  0.0000000E+000
  0.0000000E+000  5.1780835E-002  6.8311750E-003  0.0000000E+000
  0.0000000E+000  4.6181050E-002  6.7951707E-003  0.0000000E+000
  0.0000000E+000  3.9981163E-002  7.6593508E-003  0.0000000E+000
  0.0000000E+000  3.3533431E-002  9.2742345E-003  0.0000000E+000
  0.0000000E+000  2.7158569E-002  1.1531639E-002  0.0000000E+000
  0.0000000E+000  2.1129596E-002  1.4372220E-002  0.0000000E+000
  0.0000000E+000  1.5664597E-002  1.7785092E-002  0.0000000E+000
  0.0000000E+000  1.0926367E-002  2.1803262E-002  0.0000000E+000
  0.0000000E+000  7.0266668E-003  2.6497019E-002  0.0000000E+000
  0.0000000E+000  4.0330037E-003  3.1965757E-002  0.0000000E+000
  0.0000000E+000  1.9763711E-003  3.8327221E-002  0.0000000E+000
  0.0000000E+000  8.5890049E-004  4.5701986E-002  0.0000000E+000
  0.0000000E+000  6.6080945E-004  5.4190256E-002  0.0000000E+000
  0.0000000E+000  1.3463654E-003  6.3838188E-002  0.0000000E+000
  0.0000000E+000  2.8687865E-003  7.4593111E-002  0.0000000E+000
  0.0000000E+000  5.1741228E-003  8.6252439E-002  0.0000000E+000
  0.0000000E+000  8.2042154E-003  9.8420344E-002  0.0000000E+000
  0.0000000E+000  1.1898844E-002  1.1049648E-001  0.0000000E+000
  0.0000000E+000  1.6197163E-002  1.2172385E-001  0.0000000E+000
  0.0000000E+000  2.1038493E-002  1.3130718E-001  0.0000000E+000
  0.0000000E+000  2.6362522E-002  1.3857742E-001  0.0000000E+000
  0.0000000E+000  3.2108889E-002  1.4314206E-001  0.0000000E+000
  0.0000000E+000  3.8216139E-002  1.4495732E-001  0.0000000E+000
  0.0000000E+000  4.4619927E-002  1.4429651E-001  0.0000000E+000
  0.0000000E+000  5.1250375E-002  1.4164213E-001  0.0000000E+000
  0.0000000E+000  5.8028402E-002  1.3755670E-001  0.0000000E+000
  0.0000000E+000  6.4860885E-002  1.3257851E-001  0.0000000E+000
  0.0000000E+000  7.1634604E-002  1.2716101E-001  0.0000000E+000
  0.0000000E+000  7.8209129E-002  1.2165212E-001  0.0000000E+000
  0.0000000E+000  8.4409341E-002  1.1629938E-001  0.0000000E+000
  0.0000000E+000  9.0019139E-002  1.1126743E-001  0.0000000E+000
  0.0000000E+000  9.4779250E-002  1.0665861E-001  0.0000000E+000
  0.0000000E+000  9.8393687E-002  1.0253162E-001  0.0000000E+000
  0.0000000E+000  1.0055064E-001  9.8916694E-002  0.0000000E+000
  0.0000000E+000  1.0096278E-001  9.5826992E-002  0.0000000E+000
  0.0000000E+000  9.9427045E-002  9.3266782E-002  0.0000000E+000
  0.0000000E+000  9.5893459E-002  9.1237230E-002  0.0000000E+000
  0.0000000E+000  9.0520191E-002  8.9740428E-002  0.0000000E+000
  0.0000000E+000  8.3685846E-002  8.8782234E-002  0.0000000E+000
  0.0000000E+000  7.5940937E-002  8.8374326E-002  0.0000000E+000
  0.0000000E+000  6.7907400E-002  8.8535732E-002  0.0000000E+000
  0.0000000E+000  6.0161893E-002  8.9293973E-002  0.0000000E+000
  0.0000000E+000  5.3145050E-002  9.0685824E-002  0.0000000E+000
  0.0000000E+000  4.7121214E-002  9.2757532E-002  0.0000000E+000
  0.0000000E+000  4.2186971E-002  9.5564107E-002  0.0000000E+000
  0.0000000E+000  3.8309675E-002  9.9166945E-002  0.0000000E+000
  0.0000000E+000  3.5374860E-002  1.0362854E-001  0.0000000E+000
  0.0000000E+000  3.3228234E-002  1.0900224E-001  0.0000000E+000
  0.0000000E+000  3.1706425E-002  1.1531410E-001  0.0000000E+000
  0.0000000E+000  3.0656466E-002  1.2253286E-001  0.0000000E+000
  0.0000000E+000  2.9946663E-002  1.3052403E-001  0.0000000E+000
  0.0000000E+000  2.9472027E-002  1.3898717E-001  0.0000000E+000
  0.0000000E+000  2.9156996E-002  1.4738476E-001  0.0000000E+000
  0.0000000E+000  2.8957477E-002  1.5489083E-001  0.0000000E+000
  0.0000000E+000  2.8863630E-002  1.6041463E-001  0.0000000E+000
  0.0000000E+000  2.8904339E-002  1.6276541E-001  0.0000000E+000
  0.0000000E+000  2.9153858E-002  1.6097718E-001  0.0000000E+000
  0.0000000E+000  2.9740515E-002  1.5468745E-001  0.0000000E+000
  0.0000000E+000  3.0856277E-002  1.4434981E-001  0.0000000E+000
  0.0000000E+000  3.2764039E-002  1.3111341E-001  0.0000000E+000
  0.0000000E+000  3.5796427E-002  1.1643069E-001  0.0000000E+000
  0.0000000E+000  4.0336115E-002  1.0163473E-001  0.0000000E+000
  0.0000000E+000  4.6765224E-002  8.7687481E-002  0.0000000E+000
  0.0000000E+000  5.5375241E-002  7.5133733E-002  0.0000000E+000
  0.0000000E+000  6.6245480E-002  6.4182133E-002  0.0000000E+000
  0.0000000E+000  7.9127987E-002  5.4822433E-002  0.0000000E+000
  0.0000000E+000  9.3403044E-002  4.6926760E-002  0.0000000E+000
  0.0000000E+000  1.0815933E-001  4.0319068E-002  0.0000000E+000
  0.0000000E+000  1.2239060E-001  3.4815893E-002  0.0000000E+000
  0.0000000E+000  1.3522564E-001  3.0247009E-002  0.0000000E+000
  0.0000000E+000  1.4608799E-001  2.6463910E-002  0.0000000E+000
  0.0000000E+000  1.5473485E-001  2.3341664E-002  0.0000000E+000
  0.0000000E+000  1.6119662E-001  2.0777571E-002  0.0000000E+000
  0.0000000E+000  1.6567440E-001  1.8688543E-002  0.0000000E+000
  0.0000000E+000  1.6844348E-001  1.7008178E-002  0.0000000E+000
  0.0000000E+000  1.6978524E-001  1.5684001E-002  0.0000000E+000
  0.0000000E+000  1.6994893E-001  1.4675041E-002  0.0000000E+000
  0.0000000E+000  1.6913553E-001  1.3949773E-002  0.0000000E+000
  0.0000000E+000  1.6749485E-001  1.3484384E-002  0.0000000E+000
  0.0000000E+000  1.6512910E-001  1.3261306E-002  0.0000000E+000
  0.0000000E+000  1.6209870E-001  1.3267915E-002  0.0000000E+000
  0.0000000E+000  1.5842824E-001  1.3495331E-002  0.0000000E+000
  0.0000000E+000  1.5411161E-001  1.3937223E-002  0.0000000E+000
  0.0000000E+000  1.4911623E-001  1.4588540E-002  0.0000000E+000
  0.0000000E+000  1.4338656E-001  1.5444101E-002  0.0000000E+000
  0.0000000E+000  1.3684771E-001  1.6496996E-002  0.0000000E+000
  0.0000000E+000  1.2940988E-001  1.7736797E-002  0.0000000E+000
  0.0000000E+000  1.2097527E-001  1.9147636E-002  0.0000000E+000
  0.0000000E+000  1.1144939E-001  2.0706307E-002  0.0000000E+000
  0.0000000E+000  1.0075955E-001  2.2380628E-002  0.0000000E+000
  0.0000000E+000  8.8883862E-002  2.4128431E-002  0.0000000E+000
  0.0000000E+000  7.5893868E-002  2.5897538E-002  0.0000000E+000
  0.0000000E+000  6.2011270E-002  2.7627047E-002  0.0000000E+000
  0.0000000E+000  4.7672739E-002  2.9250069E-002  0.0000000E+000
  0.0000000E+000  3.3583964E-002  3.0697768E-002  0.0000000E+000
  0.0000000E+000  2.0727766E-002  3.1904274E-002  0.0000000E+000
  0.0000000E+000  1.0281672E-002  3.2811819E-002  0.0000000E+000
  0.0000000E+000  3.4182769E-003  3.3375419E-002  0.0000000E+000
