  2.2682634E-008 -7.9519252E-008
 -7.9519252E-008  6.0680002E-005

  3.3947516E+000 -1.2652177E-003
 -3.2243441E+000  5.6399159E-001

 -2.9899326E+000  2.3496545E-004
  1.2489636E+001 -2.6227748E-003

 -7.5239033E-001  1.4348816E-003
 -1.7458141E+001  4.9038997E-002

  9.9329772E-001 -9.4577248E-004
  5.6593653E+000 -1.3251872E-001

  5.2106061E-001 -4.1621719E-004
  1.3412704E+001  2.2502952E-002

  5.1750896E-001  8.7636347E-004
 -1.2136531E+001 -8.9422597E-002

 -3.9544484E-002 -4.7491372E-004
 -7.3910900E+000  7.0662469E-002

 -4.8427996E-001  6.5174897E-004
  4.6325576E+000  7.5464345E-002

 -4.2108457E-001 -2.9931798E-004
  5.1573350E+000 -2.4205482E-002

 -1.1662842E-001 -1.3237058E-003
  1.1552959E+001  5.5038237E-002

 -6.2814946E-002  1.4934909E-003
 -1.5436977E+001 -9.1172364E-002

  3.0497719E-002  6.5997472E-004
  7.1773678E+000  5.8976330E-002

  7.5401056E-001 -1.8423969E-003
 -1.1134349E+001 -2.0163163E-002

 -1.9324413E-001 -6.6946446E-004
  2.8128860E+000  3.4908852E-002

  1.3507916E-001 -3.0709886E-004
  2.4537088E+000  6.2839552E-003

  1.1102934E-001  1.4860119E-004
  5.9664017E+000 -2.9500179E-002

 -3.1311617E-001 -1.7777834E-004
 -6.7460680E+000  2.2333310E-002

 -2.1878555E-001 -5.7761186E-004
  1.4633949E+000 -5.7800077E-002

 -2.2754831E-001  2.0625654E-003
 -3.4347633E+000 -3.5607326E-002

 -2.9394000E-002 -3.5392268E-003
  9.9621377E+000 -4.2133687E-003

  2.4853935E-001  1.0860888E-003
  7.1608982E+000 -9.7940563E-003

  3.6916757E-001 -6.3976577E-005
 -1.5698992E+001  9.4188189E-002

 -8.0493610E-002 -2.3156474E-004
 -4.6742828E+000 -4.4043277E-002

  1.3322236E-001 -9.7470449E-004
  5.3459669E+000  3.0784155E-002

  1.4887139E-001  6.6664931E-004
 -4.3638434E+000 -7.1470887E-002

 -7.4210834E-001 -7.7209468E-004
  3.3516735E+000  1.1221197E-001

 -6.6533044E-002 -9.5030850E-004
  7.1125634E+000  2.7097737E-002

  2.9865373E-001  1.5605203E-003
  1.2762110E+000  3.8120537E-002

  1.4007301E-004 -1.1384881E-003
  1.2553648E+000 -1.6887926E-001

  2.7746672E-001  6.2389106E-004
 -1.2190055E+000  6.6984862E-002

  2.1551543E-003 -2.2271352E-004
 -6.6853189E+000  4.4518574E-002

 -6.7013781E-002  1.1043412E-003
 -1.3012626E+001 -4.7639671E-002

 -3.9893075E-001 -1.2446974E-003
  8.7431367E+000  5.4964102E-002

  2.5701382E-001 -7.0992876E-004
  5.6728118E+000  1.1513480E-002

  8.5109465E-003  5.8755494E-004
  1.6497895E+001 -2.5970757E-002

  2.4320978E-002 -2.7824640E-007
 -2.1011598E+001 -7.4739172E-002

 -1.0549953E-002  9.7751639E-004
  8.5698989E+000  4.3667073E-002

  2.2733302E-002 -9.1337298E-004
 -1.4530611E+001 -1.6323581E-002

 -5.9522088E-002  4.3926519E-004
  1.4782088E+001  2.2719921E-002

  2.5873717E-002  1.4611220E-004
 -4.3504001E+000  1.9522281E-002

