           [1>1]           [1>2]           [2>1]           [2>2]
  0.0000000E+000  0.0000000E+000  0.0000000E+000  0.0000000E+000
  0.0000000E+000  2.8414497E-002  1.3866062E-002  0.0000000E+000
  0.0000000E+000  3.0110164E-002  1.3885869E-002  0.0000000E+000
  0.0000000E+000  3.2510662E-002  1.3918875E-002  0.0000000E+000
  0.0000000E+000  3.4981097E-002  1.3965066E-002  0.0000000E+000
  0.0000000E+000  3.6751291E-002  1.4024427E-002  0.0000000E+000
  0.0000000E+000  3.7173675E-002  1.4096935E-002  0.0000000E+000
  0.0000000E+000  3.5994606E-002  1.4182565E-002  0.0000000E+000
  0.0000000E+000  3.3425239E-002  1.4281282E-002  0.0000000E+000
  0.0000000E+000  2.9964396E-002  1.4393047E-002  0.0000000E+000
  0.0000000E+000  2.6144289E-002  1.4517813E-002  0.0000000E+000
  0.0000000E+000  2.2369984E-002  1.4655525E-002  0.0000000E+000
  0.0000000E+000  1.8883099E-002  1.4806121E-002  0.0000000E+000
  0.0000000E+000  1.5794672E-002  1.4969526E-002  0.0000000E+000
  0.0000000E+000  1.3133548E-002  1.5145656E-002  0.0000000E+000
  0.0000000E+000  1.0885540E-002  1.5334415E-002  0.0000000E+000
  0.0000000E+000  9.0186713E-003  1.5535693E-002  0.0000000E+000
  0.0000000E+000  7.4974471E-003  1.5749362E-002  0.0000000E+000
  0.0000000E+000  6.2901889E-003  1.5975281E-002  0.0000000E+000
  0.0000000E+000  5.3725270E-003  1.6213286E-002  0.0000000E+000
  0.0000000E+000  4.7290137E-003  1.6463194E-002  0.0000000E+000
  0.0000000E+000  4.3539974E-003  1.6724796E-002  0.0000000E+000
  0.0000000E+000  4.2524106E-003  1.6997859E-002  0.0000000E+000
  0.0000000E+000  4.4408531E-003  1.7282119E-002  0.0000000E+000
  0.0000000E+000  4.9492252E-003  1.7577280E-002  0.0000000E+000
  0.0000000E+000  5.8231039E-003  1.7883011E-002  0.0000000E+000
  0.0000000E+000  7.1270197E-003  1.8198944E-002  0.0000000E+000
  0.0000000E+000  8.9487185E-003  1.8524669E-002  0.0000000E+000
  0.0000000E+000  1.1404315E-002  1.8859730E-002  0.0000000E+000
  0.0000000E+000  1.4643788E-002  1.9203625E-002  0.0000000E+000
  0.0000000E+000  1.8855274E-002  1.9555801E-002  0.0000000E+000
  0.0000000E+000  2.4264612E-002  1.9915650E-002  0.0000000E+000
  0.0000000E+000  3.1122958E-002  2.0282510E-002  0.0000000E+000
  0.0000000E+000  3.9669682E-002  2.0655657E-002  0.0000000E+000
  0.0000000E+000  5.0051882E-002  2.1034310E-002  0.0000000E+000
  0.0000000E+000  6.2183176E-002  2.1417625E-002  0.0000000E+000
  0.0000000E+000  7.5551163E-002  2.1804694E-002  0.0000000E+000
  0.0000000E+000  8.9055632E-002  2.2194549E-002  0.0000000E+000
  0.0000000E+000  1.0105473E-001  2.2586162E-002  0.0000000E+000
  0.0000000E+000  1.0978123E-001  2.2978443E-002  0.0000000E+000
  0.0000000E+000  1.1402166E-001  2.3370251E-002  0.0000000E+000
  0.0000000E+000  1.1361226E-001  2.3760392E-002  0.0000000E+000
  0.0000000E+000  1.0937772E-001  2.4147628E-002  0.0000000E+000
  0.0000000E+000  1.0262933E-001  2.4530684E-002  0.0000000E+000
  0.0000000E+000  9.4641128E-002  2.4908255E-002  0.0000000E+000
  0.0000000E+000  8.6369205E-002  2.5279021E-002  0.0000000E+000
  0.0000000E+000  7.8407901E-002  2.5641651E-002  0.0000000E+000
  0.0000000E+000  7.1064331E-002  2.5994823E-002  0.0000000E+000
  0.0000000E+000  6.4456562E-002  2.6337231E-002  0.0000000E+000
  0.0000000E+000  5.8593604E-002  2.6667605E-002  0.0000000E+000
  0.0000000E+000  5.3429017E-002  2.6984722E-002  0.0000000E+000
  0.0000000E+000  4.8892966E-002  2.7287423E-002  0.0000000E+000
  0.0000000E+000  4.4909785E-002  2.7574628E-002  0.0000000E+000
  0.0000000E+000  4.1406796E-002  2.7845349E-002  0.0000000E+000
  0.0000000E+000  3.8318170E-002  2.8098706E-002  0.0000000E+000
  0.0000000E+000  3.5586157E-002  2.8333938E-002  0.0000000E+000
  0.0000000E+000  3.3160994E-002  2.8550418E-002  0.0000000E+000
  0.0000000E+000  3.1000230E-002  2.8747655E-002  0.0000000E+000
  0.0000000E+000  2.9067831E-002  2.8925310E-002  0.0000000E+000
  0.0000000E+000  2.7333273E-002  2.9083194E-002  0.0000000E+000
  0.0000000E+000  2.5770698E-002  2.9221274E-002  0.0000000E+000
  0.0000000E+000  2.4358167E-002  2.9339674E-002  0.0000000E+000
  0.0000000E+000  2.3077029E-002  2.9438669E-002  0.0000000E+000
  0.0000000E+000  2.1911383E-002  2.9518684E-002  0.0000000E+000
  0.0000000E+000  2.0847626E-002  2.9580284E-002  0.0000000E+000
  0.0000000E+000  1.9874083E-002  2.9624169E-002  0.0000000E+000
  0.0000000E+000  1.8980703E-002  2.9651157E-002  0.0000000E+000
  0.0000000E+000  1.8158795E-002  2.9662178E-002  0.0000000E+000
  0.0000000E+000  1.7400824E-002  2.9658258E-002  0.0000000E+000
  0.0000000E+000  1.6700231E-002  2.9640503E-002  0.0000000E+000
  0.0000000E+000  1.6051286E-002  2.9610088E-002  0.0000000E+000
  0.0000000E+000  1.5448973E-002  2.9568243E-002  0.0000000E+000
  0.0000000E+000  1.4888878E-002  2.9516234E-002  0.0000000E+000
  0.0000000E+000  1.4367112E-002  2.9455352E-002  0.0000000E+000
  0.0000000E+000  1.3880235E-002  2.9386904E-002  0.0000000E+000
  0.0000000E+000  1.3425193E-002  2.9312193E-002  0.0000000E+000
  0.0000000E+000  1.2999274E-002  2.9232514E-002  0.0000000E+000
  0.0000000E+000  1.2600055E-002  2.9149139E-002  0.0000000E+000
  0.0000000E+000  1.2225372E-002  2.9063314E-002  0.0000000E+000
  0.0000000E+000  1.1873285E-002  2.8976246E-002  0.0000000E+000
  0.0000000E+000  1.1542050E-002  2.8889100E-002  0.0000000E+000
  0.0000000E+000  1.1230098E-002  2.8802995E-002  0.0000000E+000
  0.0000000E+000  1.0936010E-002  2.8718998E-002  0.0000000E+000
  0.0000000E+000  1.0658506E-002  2.8638123E-002  0.0000000E+000
  0.0000000E+000  1.0396425E-002  2.8561328E-002  0.0000000E+000
  0.0000000E+000  1.0148712E-002  2.8489514E-002  0.0000000E+000
  0.0000000E+000  9.9144079E-003  2.8423528E-002  0.0000000E+000
  0.0000000E+000  9.6926398E-003  2.8364158E-002  0.0000000E+000
  0.0000000E+000  9.4826103E-003  2.8312138E-002  0.0000000E+000
  0.0000000E+000  9.2835906E-003  2.8268149E-002  0.0000000E+000
  0.0000000E+000  9.0949140E-003  2.8232817E-002  0.0000000E+000
  0.0000000E+000  8.9159691E-003  2.8206722E-002  0.0000000E+000
  0.0000000E+000  8.7461950E-003  2.8190390E-002  0.0000000E+000
  0.0000000E+000  8.5850762E-003  2.8184304E-002  0.0000000E+000
  0.0000000E+000  8.4321384E-003  2.8188901E-002  0.0000000E+000
  0.0000000E+000  8.2869450E-003  2.8204575E-002  0.0000000E+000
  0.0000000E+000  8.1490936E-003  2.8231678E-002  0.0000000E+000
  0.0000000E+000  8.0182128E-003  2.8270523E-002  0.0000000E+000
  0.0000000E+000  7.8939599E-003  2.8321382E-002  0.0000000E+000
  0.0000000E+000  7.7760183E-003  2.8384490E-002  0.0000000E+000
  0.0000000E+000  7.6640951E-003  2.8460044E-002  0.0000000E+000
  0.0000000E+000  7.5579197E-003  2.8548202E-002  0.0000000E+000
  0.0000000E+000  7.4572417E-003  2.8649085E-002  0.0000000E+000
  0.0000000E+000  7.3618294E-003  2.8762772E-002  0.0000000E+000
  0.0000000E+000  7.2714684E-003  2.8889304E-002  0.0000000E+000
  0.0000000E+000  7.1859605E-003  2.9028676E-002  0.0000000E+000
  0.0000000E+000  7.1051221E-003  2.9180839E-002  0.0000000E+000
  0.0000000E+000  7.0287836E-003  2.9345694E-002  0.0000000E+000
  0.0000000E+000  6.9567883E-003  2.9523089E-002  0.0000000E+000
  0.0000000E+000  6.8889915E-003  2.9712815E-002  0.0000000E+000
  0.0000000E+000  6.8252599E-003  2.9914599E-002  0.0000000E+000
  0.0000000E+000  6.7654705E-003  3.0128099E-002  0.0000000E+000
  0.0000000E+000  6.7095105E-003  3.0352897E-002  0.0000000E+000
  0.0000000E+000  6.6572763E-003  3.0588490E-002  0.0000000E+000
  0.0000000E+000  6.6086735E-003  3.0834285E-002  0.0000000E+000
  0.0000000E+000  6.5636155E-003  3.1089586E-002  0.0000000E+000
  0.0000000E+000  6.5220242E-003  3.1353585E-002  0.0000000E+000
  0.0000000E+000  6.4838288E-003  3.1625356E-002  0.0000000E+000
  0.0000000E+000  6.4489659E-003  3.1903836E-002  0.0000000E+000
  0.0000000E+000  6.4173789E-003  3.2187821E-002  0.0000000E+000
  0.0000000E+000  6.3890180E-003  3.2475952E-002  0.0000000E+000
  0.0000000E+000  6.3638397E-003  3.2766701E-002  0.0000000E+000
  0.0000000E+000  6.3418068E-003  3.3058365E-002  0.0000000E+000
  0.0000000E+000  6.3228880E-003  3.3349053E-002  0.0000000E+000
  0.0000000E+000  6.3070581E-003  3.3636675E-002  0.0000000E+000
  0.0000000E+000  6.2942973E-003  3.3918941E-002  0.0000000E+000
  0.0000000E+000  6.2845918E-003  3.4193350E-002  0.0000000E+000
  0.0000000E+000  6.2779329E-003  3.4457192E-002  0.0000000E+000
  0.0000000E+000  6.2743175E-003  3.4707548E-002  0.0000000E+000
  0.0000000E+000  6.2737481E-003  3.4941299E-002  0.0000000E+000
  0.0000000E+000  6.2762320E-003  3.5155138E-002  0.0000000E+000
  0.0000000E+000  6.2817824E-003  3.5345587E-002  0.0000000E+000
  0.0000000E+000  6.2904173E-003  3.5509024E-002  0.0000000E+000
  0.0000000E+000  6.3021603E-003  3.5641715E-002  0.0000000E+000
  0.0000000E+000  6.3170403E-003  3.5739857E-002  0.0000000E+000
  0.0000000E+000  6.3350913E-003  3.5799628E-002  0.0000000E+000
  0.0000000E+000  6.3563531E-003  3.5817242E-002  0.0000000E+000
  0.0000000E+000  6.3808707E-003  3.5789019E-002  0.0000000E+000
  0.0000000E+000  6.4086947E-003  3.5711453E-002  0.0000000E+000
  0.0000000E+000  6.4398814E-003  3.5581291E-002  0.0000000E+000
  0.0000000E+000  6.4744929E-003  3.5395614E-002  0.0000000E+000
  0.0000000E+000  6.5125969E-003  3.5151916E-002  0.0000000E+000
  0.0000000E+000  6.5542673E-003  3.4848182E-002  0.0000000E+000
  0.0000000E+000  6.5995840E-003  3.4482964E-002  0.0000000E+000
  0.0000000E+000  6.6486333E-003  3.4055439E-002  0.0000000E+000
  0.0000000E+000  6.7015076E-003  3.3565465E-002  0.0000000E+000
  0.0000000E+000  6.7583060E-003  3.3013612E-002  0.0000000E+000
  0.0000000E+000  6.8191343E-003  3.2401184E-002  0.0000000E+000
  0.0000000E+000  6.8841052E-003  3.1730216E-002  0.0000000E+000
  0.0000000E+000  6.9533382E-003  3.1003450E-002  0.0000000E+000
  0.0000000E+000  7.0269601E-003  3.0224296E-002  0.0000000E+000
  0.0000000E+000  7.1051049E-003  2.9396768E-002  0.0000000E+000
  0.0000000E+000  7.1879143E-003  2.8525412E-002  0.0000000E+000
  0.0000000E+000  7.2755372E-003  2.7615209E-002  0.0000000E+000
  0.0000000E+000  7.3681305E-003  2.6671478E-002  0.0000000E+000
  0.0000000E+000  7.4658586E-003  2.5699774E-002  0.0000000E+000
  0.0000000E+000  7.5688938E-003  2.4705773E-002  0.0000000E+000
  0.0000000E+000  7.6774164E-003  2.3695175E-002  0.0000000E+000
  0.0000000E+000  7.7916142E-003  2.2673604E-002  0.0000000E+000
  0.0000000E+000  7.9116830E-003  2.1646517E-002  0.0000000E+000
  0.0000000E+000  8.0378259E-003  2.0619132E-002  0.0000000E+000
  0.0000000E+000  8.1702534E-003  1.9596359E-002  0.0000000E+000
  0.0000000E+000  8.3091830E-003  1.8582754E-002  0.0000000E+000
  0.0000000E+000  8.4548387E-003  1.7582485E-002  0.0000000E+000
  0.0000000E+000  8.6074505E-003  1.6599303E-002  0.0000000E+000
  0.0000000E+000  8.7672535E-003  1.5636537E-002  0.0000000E+000
  0.0000000E+000  8.9344871E-003  1.4697096E-002  0.0000000E+000
  0.0000000E+000  9.1093938E-003  1.3783474E-002  0.0000000E+000
  0.0000000E+000  9.2922181E-003  1.2897774E-002  0.0000000E+000
  0.0000000E+000  9.4832043E-003  1.2041727E-002  0.0000000E+000
  0.0000000E+000  9.6825953E-003  1.1216725E-002  0.0000000E+000
  0.0000000E+000  9.8906294E-003  1.0423848E-002  0.0000000E+000
  0.0000000E+000  1.0107539E-002  9.6639028E-003  0.0000000E+000
  0.0000000E+000  1.0333545E-002  8.9374517E-003  0.0000000E+000
  0.0000000E+000  1.0568856E-002  8.2448493E-003  0.0000000E+000
  0.0000000E+000  1.0813662E-002  7.5862738E-003  0.0000000E+000
  0.0000000E+000  1.1068133E-002  6.9617593E-003  0.0000000E+000
  0.0000000E+000  1.1332407E-002  6.3712243E-003  0.0000000E+000
  0.0000000E+000  1.1606592E-002  5.8144999E-003  0.0000000E+000
  0.0000000E+000  1.1890753E-002  5.2913548E-003  0.0000000E+000
  0.0000000E+000  1.2184908E-002  4.8015178E-003  0.0000000E+000
  0.0000000E+000  1.2489019E-002  4.3446995E-003  0.0000000E+000
  0.0000000E+000  1.2802981E-002  3.9206102E-003  0.0000000E+000
  0.0000000E+000  1.3126615E-002  3.5289768E-003  0.0000000E+000
  0.0000000E+000  1.3459658E-002  3.1695577E-003  0.0000000E+000
  0.0000000E+000  1.3801747E-002  2.8421555E-003  0.0000000E+000
  0.0000000E+000  1.4152415E-002  2.5466283E-003  0.0000000E+000
  0.0000000E+000  1.4511073E-002  2.2828994E-003  0.0000000E+000
  0.0000000E+000  1.4877003E-002  2.0509654E-003  0.0000000E+000
  0.0000000E+000  1.5249345E-002  1.8509029E-003  0.0000000E+000
  0.0000000E+000  1.5627087E-002  1.6828738E-003  0.0000000E+000
  0.0000000E+000  1.6009054E-002  1.5471293E-003  0.0000000E+000
  0.0000000E+000  1.6393904E-002  1.4440117E-003  0.0000000E+000
  0.0000000E+000  1.6780122E-002  1.3739558E-003  0.0000000E+000
  0.0000000E+000  1.7166015E-002  1.3374873E-003  0.0000000E+000
  0.0000000E+000  1.7549721E-002  1.3352199E-003  0.0000000E+000
  0.0000000E+000  1.7929207E-002  1.3678503E-003  0.0000000E+000
  0.0000000E+000  1.8302287E-002  1.4361503E-003  0.0000000E+000
  0.0000000E+000  1.8666634E-002  1.5409564E-003  0.0000000E+000
  0.0000000E+000  1.9019805E-002  1.6831558E-003  0.0000000E+000
  0.0000000E+000  1.9359272E-002  1.8636692E-003  0.0000000E+000
  0.0000000E+000  1.9682453E-002  2.0834297E-003  0.0000000E+000
  0.0000000E+000  1.9986753E-002  2.3433566E-003  0.0000000E+000
  0.0000000E+000  2.0269611E-002  2.6443250E-003  0.0000000E+000
  0.0000000E+000  2.0528548E-002  2.9871305E-003  0.0000000E+000
  0.0000000E+000  2.0761217E-002  3.3724482E-003  0.0000000E+000
  0.0000000E+000  2.0965457E-002  3.8007871E-003  0.0000000E+000
  0.0000000E+000  2.1139338E-002  4.2724396E-003  0.0000000E+000
  0.0000000E+000  2.1281214E-002  4.7874269E-003  0.0000000E+000
  0.0000000E+000  2.1389757E-002  5.3454411E-003  0.0000000E+000
  0.0000000E+000  2.1463997E-002  5.9457861E-003  0.0000000E+000
  0.0000000E+000  2.1503341E-002  6.5873188E-003  0.0000000E+000
  0.0000000E+000  2.1507588E-002  7.2683931E-003  0.0000000E+000
  0.0000000E+000  2.1476935E-002  7.9868100E-003  0.0000000E+000
  0.0000000E+000  2.1411965E-002  8.7397771E-003  0.0000000E+000
  0.0000000E+000  2.1313632E-002  9.5238812E-003  0.0000000E+000
  0.0000000E+000  2.1183229E-002  1.0335077E-002  0.0000000E+000
  0.0000000E+000  2.1022358E-002  1.1168696E-002  0.0000000E+000
  0.0000000E+000  2.0832879E-002  1.2019481E-002  0.0000000E+000
  0.0000000E+000  2.0616873E-002  1.2881640E-002  0.0000000E+000
  0.0000000E+000  2.0376586E-002  1.3748929E-002  0.0000000E+000
  0.0000000E+000  2.0114380E-002  1.4614762E-002  0.0000000E+000
  0.0000000E+000  1.9832688E-002  1.5472334E-002  0.0000000E+000
  0.0000000E+000  1.9533968E-002  1.6314772E-002  0.0000000E+000
  0.0000000E+000  1.9220659E-002  1.7135285E-002  0.0000000E+000
  0.0000000E+000  1.8895146E-002  1.7927331E-002  0.0000000E+000
  0.0000000E+000  1.8559732E-002  1.8684769E-002  0.0000000E+000
  0.0000000E+000  1.8216608E-002  1.9402001E-002  0.0000000E+000
  0.0000000E+000  1.7867837E-002  2.0074104E-002  0.0000000E+000
  0.0000000E+000  1.7515338E-002  2.0696921E-002  0.0000000E+000
  0.0000000E+000  1.7160876E-002  2.1267139E-002  0.0000000E+000
  0.0000000E+000  1.6806059E-002  2.1782322E-002  0.0000000E+000
  0.0000000E+000  1.6452337E-002  2.2240919E-002  0.0000000E+000
  0.0000000E+000  1.6101000E-002  2.2642242E-002  0.0000000E+000
  0.0000000E+000  1.5753188E-002  2.2986420E-002  0.0000000E+000
  0.0000000E+000  1.5409894E-002  2.3274322E-002  0.0000000E+000
  0.0000000E+000  1.5071974E-002  2.3507475E-002  0.0000000E+000
  0.0000000E+000  1.4740154E-002  2.3687969E-002  0.0000000E+000
  0.0000000E+000  1.4415044E-002  2.3818350E-002  0.0000000E+000
  0.0000000E+000  1.4097142E-002  2.3901524E-002  0.0000000E+000
  0.0000000E+000  1.3786850E-002  2.3940654E-002  0.0000000E+000
  0.0000000E+000  1.3484480E-002  2.3939073E-002  0.0000000E+000
  0.0000000E+000  1.3190264E-002  2.3900202E-002  0.0000000E+000
  0.0000000E+000  1.2904367E-002  2.3827475E-002  0.0000000E+000
  0.0000000E+000  1.2626888E-002  2.3724285E-002  0.0000000E+000
  0.0000000E+000  1.2357876E-002  2.3593928E-002  0.0000000E+000
  0.0000000E+000  1.2097333E-002  2.3439573E-002  0.0000000E+000
  0.0000000E+000  1.1845219E-002  2.3264225E-002  0.0000000E+000
  0.0000000E+000  1.1601463E-002  2.3070710E-002  0.0000000E+000
  0.0000000E+000  1.1365964E-002  2.2861658E-002  0.0000000E+000
  0.0000000E+000  1.1138597E-002  2.2639502E-002  0.0000000E+000
  0.0000000E+000  1.0919219E-002  2.2406473E-002  0.0000000E+000
  0.0000000E+000  1.0707671E-002  2.2164602E-002  0.0000000E+000
  0.0000000E+000  1.0503782E-002  2.1915729E-002  0.0000000E+000
  0.0000000E+000  1.0307371E-002  2.1661508E-002  0.0000000E+000
  0.0000000E+000  1.0118252E-002  2.1403421E-002  0.0000000E+000
  0.0000000E+000  9.9362327E-003  2.1142784E-002  0.0000000E+000
  0.0000000E+000  9.7611181E-003  2.0880762E-002  0.0000000E+000
  0.0000000E+000  9.5927130E-003  2.0618380E-002  0.0000000E+000
  0.0000000E+000  9.4308219E-003  2.0356535E-002  0.0000000E+000
  0.0000000E+000  9.2752508E-003  2.0096004E-002  0.0000000E+000
  0.0000000E+000  9.1258079E-003  1.9837461E-002  0.0000000E+000
  0.0000000E+000  8.9823044E-003  1.9581481E-002  0.0000000E+000
  0.0000000E+000  8.8445553E-003  1.9328556E-002  0.0000000E+000
  0.0000000E+000  8.7123797E-003  1.9079097E-002  0.0000000E+000
  0.0000000E+000  8.5856011E-003  1.8833447E-002  0.0000000E+000
  0.0000000E+000  8.4640481E-003  1.8591889E-002  0.0000000E+000
  0.0000000E+000  8.3475540E-003  1.8354649E-002  0.0000000E+000
  0.0000000E+000  8.2359573E-003  1.8121906E-002  0.0000000E+000
  0.0000000E+000  8.1291020E-003  1.7893794E-002  0.0000000E+000
  0.0000000E+000  8.0268368E-003  1.7670414E-002  0.0000000E+000
  0.0000000E+000  7.9290160E-003  1.7451829E-002  0.0000000E+000
  0.0000000E+000  7.8354987E-003  1.7238075E-002  0.0000000E+000
  0.0000000E+000  7.7461489E-003  1.7029164E-002  0.0000000E+000
  0.0000000E+000  7.6608356E-003  1.6825083E-002  0.0000000E+000
  0.0000000E+000  7.5794322E-003  1.6625802E-002  0.0000000E+000
  0.0000000E+000  7.5018165E-003  1.6431273E-002  0.0000000E+000
  0.0000000E+000  7.4278705E-003  1.6241434E-002  0.0000000E+000
  0.0000000E+000  7.3574800E-003  1.6056212E-002  0.0000000E+000
  0.0000000E+000  7.2905344E-003  1.5875519E-002  0.0000000E+000
  0.0000000E+000  7.2269265E-003  1.5699261E-002  0.0000000E+000
  0.0000000E+000  7.1665519E-003  1.5527335E-002  0.0000000E+000
  0.0000000E+000  7.1093089E-003  1.5359630E-002  0.0000000E+000
  0.0000000E+000  7.0550981E-003  1.5196031E-002  0.0000000E+000
  0.0000000E+000  7.0038220E-003  1.5036416E-002  0.0000000E+000
  0.0000000E+000  6.9553844E-003  1.4880658E-002  0.0000000E+000
  0.0000000E+000  6.9096904E-003  1.4728628E-002  0.0000000E+000
  0.0000000E+000  6.8666455E-003  1.4580191E-002  0.0000000E+000
  0.0000000E+000  6.8261558E-003  1.4435210E-002  0.0000000E+000
  0.0000000E+000  6.7881266E-003  1.4293545E-002  0.0000000E+000
  0.0000000E+000  6.7524627E-003  1.4155054E-002  0.0000000E+000
  0.0000000E+000  6.7190676E-003  1.4019590E-002  0.0000000E+000
  0.0000000E+000  6.6878430E-003  1.3887007E-002  0.0000000E+000
  0.0000000E+000  6.6586883E-003  1.3757153E-002  0.0000000E+000
  0.0000000E+000  6.6315000E-003  1.3629877E-002  0.0000000E+000
  0.0000000E+000  6.6061713E-003  1.3505022E-002  0.0000000E+000
  0.0000000E+000  6.5825917E-003  1.3382430E-002  0.0000000E+000
  0.0000000E+000  6.5606460E-003  1.3261943E-002  0.0000000E+000
  0.0000000E+000  6.5402144E-003  1.3143396E-002  0.0000000E+000
  0.0000000E+000  6.5211720E-003  1.3026623E-002  0.0000000E+000
  0.0000000E+000  6.5033882E-003  1.2911455E-002  0.0000000E+000
  0.0000000E+000  6.4867266E-003  1.2797720E-002  0.0000000E+000
  0.0000000E+000  6.4710448E-003  1.2685242E-002  0.0000000E+000
  0.0000000E+000  6.4561942E-003  1.2573840E-002  0.0000000E+000
  0.0000000E+000  6.4420206E-003  1.2463333E-002  0.0000000E+000
  0.0000000E+000  6.4283636E-003  1.2353531E-002  0.0000000E+000
  0.0000000E+000  6.4150578E-003  1.2244245E-002  0.0000000E+000
  0.0000000E+000  6.4019332E-003  1.2135277E-002  0.0000000E+000
  0.0000000E+000  6.3888159E-003  1.2026428E-002  0.0000000E+000
  0.0000000E+000  6.3755295E-003  1.1917492E-002  0.0000000E+000
  0.0000000E+000  6.3618961E-003  1.1808260E-002  0.0000000E+000
  0.0000000E+000  6.3477386E-003  1.1698519E-002  0.0000000E+000
  0.0000000E+000  6.3328819E-003  1.1588049E-002  0.0000000E+000
  0.0000000E+000  6.3171555E-003  1.1476628E-002  0.0000000E+000
  0.0000000E+000  6.3003957E-003  1.1364028E-002  0.0000000E+000
  0.0000000E+000  6.2824480E-003  1.1250020E-002  0.0000000E+000
  0.0000000E+000  6.2631699E-003  1.1134370E-002  0.0000000E+000
  0.0000000E+000  6.2424339E-003  1.1016840E-002  0.0000000E+000
  0.0000000E+000  6.2201293E-003  1.0897194E-002  0.0000000E+000
  0.0000000E+000  6.1961658E-003  1.0775191E-002  0.0000000E+000
  0.0000000E+000  6.1704749E-003  1.0650593E-002  0.0000000E+000
  0.0000000E+000  6.1430126E-003  1.0523164E-002  0.0000000E+000
  0.0000000E+000  6.1137608E-003  1.0392669E-002  0.0000000E+000
  0.0000000E+000  6.0827282E-003  1.0258880E-002  0.0000000E+000
  0.0000000E+000  6.0499514E-003  1.0121576E-002  0.0000000E+000
  0.0000000E+000  6.0154946E-003  9.9805462E-003  0.0000000E+000
  0.0000000E+000  5.9794490E-003  9.8355917E-003  0.0000000E+000
  0.0000000E+000  5.9419319E-003  9.6865301E-003  0.0000000E+000
  0.0000000E+000  5.9030844E-003  9.5331977E-003  0.0000000E+000
  0.0000000E+000  5.8630696E-003  9.3754538E-003  0.0000000E+000
  0.0000000E+000  5.8220697E-003  9.2131848E-003  0.0000000E+000
  0.0000000E+000  5.7802825E-003  9.0463079E-003  0.0000000E+000
  0.0000000E+000  5.7379185E-003  8.8747761E-003  0.0000000E+000
  0.0000000E+000  5.6951973E-003  8.6985826E-003  0.0000000E+000
  0.0000000E+000  5.6523437E-003  8.5177656E-003  0.0000000E+000
  0.0000000E+000  5.6095850E-003  8.3324128E-003  0.0000000E+000
  0.0000000E+000  5.5671468E-003  8.1426663E-003  0.0000000E+000
  0.0000000E+000  5.5252510E-003  7.9487263E-003  0.0000000E+000
  0.0000000E+000  5.4841124E-003  7.7508558E-003  0.0000000E+000
  0.0000000E+000  5.4439368E-003  7.5493832E-003  0.0000000E+000
  0.0000000E+000  5.4049193E-003  7.3447050E-003  0.0000000E+000
  0.0000000E+000  5.3672425E-003  7.1372878E-003  0.0000000E+000
  0.0000000E+000  5.3310755E-003  6.9276682E-003  0.0000000E+000
  0.0000000E+000  5.2965738E-003  6.7164527E-003  0.0000000E+000
  0.0000000E+000  5.2638784E-003  6.5043152E-003  0.0000000E+000
  0.0000000E+000  5.2331161E-003  6.2919936E-003  0.0000000E+000
  0.0000000E+000  5.2043998E-003  6.0802845E-003  0.0000000E+000
  0.0000000E+000  5.1778291E-003  5.8700365E-003  0.0000000E+000
  0.0000000E+000  5.1534909E-003  5.6621418E-003  0.0000000E+000
  0.0000000E+000  5.1314606E-003  5.4575269E-003  0.0000000E+000
  0.0000000E+000  5.1118023E-003  5.2571409E-003  0.0000000E+000
  0.0000000E+000  5.0945708E-003  5.0619441E-003  0.0000000E+000
  0.0000000E+000  5.0798119E-003  4.8728952E-003  0.0000000E+000
  0.0000000E+000  5.0675638E-003  4.6909377E-003  0.0000000E+000
  0.0000000E+000  5.0578583E-003  4.5169872E-003  0.0000000E+000
  0.0000000E+000  5.0507214E-003  4.3519181E-003  0.0000000E+000
  0.0000000E+000  5.0461744E-003  4.1965517E-003  0.0000000E+000
  0.0000000E+000  5.0442350E-003  4.0516450E-003  0.0000000E+000
  0.0000000E+000  5.0449182E-003  3.9178810E-003  0.0000000E+000
  0.0000000E+000  5.0482365E-003  3.7958607E-003  0.0000000E+000
  0.0000000E+000  5.0542014E-003  3.6860966E-003  0.0000000E+000
  0.0000000E+000  5.0628234E-003  3.5890089E-003  0.0000000E+000
  0.0000000E+000  5.0741130E-003  3.5049227E-003  0.0000000E+000
  0.0000000E+000  5.0880808E-003  3.4340680E-003  0.0000000E+000
  0.0000000E+000  5.1047384E-003  3.3765814E-003  0.0000000E+000
  0.0000000E+000  5.1240984E-003  3.3325090E-003  0.0000000E+000
  0.0000000E+000  5.1461751E-003  3.3018115E-003  0.0000000E+000
  0.0000000E+000  5.1709842E-003  3.2843698E-003  0.0000000E+000
  0.0000000E+000  5.1985438E-003  3.2799927E-003  0.0000000E+000
  0.0000000E+000  5.2288740E-003  3.2884238E-003  0.0000000E+000
  0.0000000E+000  5.2619973E-003  3.3093502E-003  0.0000000E+000
  0.0000000E+000  5.2979384E-003  3.3424105E-003  0.0000000E+000
  0.0000000E+000  5.3367249E-003  3.3872034E-003  0.0000000E+000
  0.0000000E+000  5.3783868E-003  3.4432956E-003  0.0000000E+000
  0.0000000E+000  5.4229566E-003  3.5102293E-003  0.0000000E+000
  0.0000000E+000  5.4704695E-003  3.5875299E-003  0.0000000E+000
  0.0000000E+000  5.5209630E-003  3.6747120E-003  0.0000000E+000
  0.0000000E+000  5.5744773E-003  3.7712856E-003  0.0000000E+000
  0.0000000E+000  5.6310549E-003  3.8767612E-003  0.0000000E+000
  0.0000000E+000  5.6907403E-003  3.9906542E-003  0.0000000E+000
  0.0000000E+000  5.7535804E-003  4.1124885E-003  0.0000000E+000
  0.0000000E+000  5.8196237E-003  4.2417998E-003  0.0000000E+000
  0.0000000E+000  5.8889209E-003  4.3781380E-003  0.0000000E+000
  0.0000000E+000  5.9615237E-003  4.5210687E-003  0.0000000E+000
  0.0000000E+000  6.0374854E-003  4.6701746E-003  0.0000000E+000
  0.0000000E+000  6.1168605E-003  4.8250563E-003  0.0000000E+000
  0.0000000E+000  6.1997039E-003  4.9853326E-003  0.0000000E+000
  0.0000000E+000  6.2860713E-003  5.1506404E-003  0.0000000E+000
  0.0000000E+000  6.3760185E-003  5.3206343E-003  0.0000000E+000
  0.0000000E+000  6.4696012E-003  5.4949859E-003  0.0000000E+000
  0.0000000E+000  6.5668748E-003  5.6733829E-003  0.0000000E+000
  0.0000000E+000  6.6678936E-003  5.8555280E-003  0.0000000E+000
  0.0000000E+000  6.7727110E-003  6.0411379E-003  0.0000000E+000
  0.0000000E+000  6.8813789E-003  6.2299414E-003  0.0000000E+000
  0.0000000E+000  6.9939473E-003  6.4216785E-003  0.0000000E+000
  0.0000000E+000  7.1104640E-003  6.6160984E-003  0.0000000E+000
  0.0000000E+000  7.2309742E-003  6.8129582E-003  0.0000000E+000
  0.0000000E+000  7.3555203E-003  7.0120212E-003  0.0000000E+000
  0.0000000E+000  7.4841412E-003  7.2130556E-003  0.0000000E+000
  0.0000000E+000  7.6168725E-003  7.4158323E-003  0.0000000E+000
  0.0000000E+000  7.7537458E-003  7.6201239E-003  0.0000000E+000
  0.0000000E+000  7.8947886E-003  7.8257029E-003  0.0000000E+000
  0.0000000E+000  8.0400242E-003  8.0323401E-003  0.0000000E+000
  0.0000000E+000  8.1894710E-003  8.2398034E-003  0.0000000E+000
  0.0000000E+000  8.3431431E-003  8.4478563E-003  0.0000000E+000
  0.0000000E+000  8.5010497E-003  8.6562566E-003  0.0000000E+000
  0.0000000E+000  8.6631951E-003  8.8647552E-003  0.0000000E+000
  0.0000000E+000  8.8295789E-003  9.0730950E-003  0.0000000E+000
  0.0000000E+000  9.0001961E-003  9.2810096E-003  0.0000000E+000
  0.0000000E+000  9.1750371E-003  9.4882227E-003  0.0000000E+000
  0.0000000E+000  9.3540879E-003  9.6944474E-003  0.0000000E+000
  0.0000000E+000  9.5373307E-003  9.8993849E-003  0.0000000E+000
  0.0000000E+000  9.7247440E-003  1.0102725E-002  0.0000000E+000
  0.0000000E+000  9.9163030E-003  1.0304145E-002  0.0000000E+000
  0.0000000E+000  1.0111980E-002  1.0503309E-002  0.0000000E+000
  0.0000000E+000  1.0311746E-002  1.0699869E-002  0.0000000E+000
  0.0000000E+000  1.0515570E-002  1.0893467E-002  0.0000000E+000
  0.0000000E+000  1.0723420E-002  1.1083729E-002  0.0000000E+000
  0.0000000E+000  1.0935265E-002  1.1270273E-002  0.0000000E+000
  0.0000000E+000  1.1151072E-002  1.1452706E-002  0.0000000E+000
  0.0000000E+000  1.1370812E-002  1.1630626E-002  0.0000000E+000
  0.0000000E+000  1.1594458E-002  1.1803623E-002  0.0000000E+000
  0.0000000E+000  1.1821986E-002  1.1971279E-002  0.0000000E+000
  0.0000000E+000  1.2053374E-002  1.2133176E-002  0.0000000E+000
  0.0000000E+000  1.2288609E-002  1.2288891E-002  0.0000000E+000
  0.0000000E+000  1.2527679E-002  1.2438001E-002  0.0000000E+000
  0.0000000E+000  1.2770581E-002  1.2580088E-002  0.0000000E+000
  0.0000000E+000  1.3017319E-002  1.2714736E-002  0.0000000E+000
  0.0000000E+000  1.3267903E-002  1.2841542E-002  0.0000000E+000
  0.0000000E+000  1.3522353E-002  1.2960111E-002  0.0000000E+000
  0.0000000E+000  1.3780697E-002  1.3070064E-002  0.0000000E+000
  0.0000000E+000  1.4042973E-002  1.3171042E-002  0.0000000E+000
  0.0000000E+000  1.4309228E-002  1.3262704E-002  0.0000000E+000
  0.0000000E+000  1.4579520E-002  1.3344736E-002  0.0000000E+000
  0.0000000E+000  1.4853918E-002  1.3416853E-002  0.0000000E+000
  0.0000000E+000  1.5132499E-002  1.3478798E-002  0.0000000E+000
  0.0000000E+000  1.5415354E-002  1.3530350E-002  0.0000000E+000
  0.0000000E+000  1.5702582E-002  1.3571326E-002  0.0000000E+000
  0.0000000E+000  1.5994293E-002  1.3601579E-002  0.0000000E+000
  0.0000000E+000  1.6290609E-002  1.3621006E-002  0.0000000E+000
  0.0000000E+000  1.6591662E-002  1.3629546E-002  0.0000000E+000
  0.0000000E+000  1.6897593E-002  1.3627183E-002  0.0000000E+000
  0.0000000E+000  1.7208552E-002  1.3613946E-002  0.0000000E+000
  0.0000000E+000  1.7524700E-002  1.3589909E-002  0.0000000E+000
  0.0000000E+000  1.7846205E-002  1.3555193E-002  0.0000000E+000
  0.0000000E+000  1.8173245E-002  1.3509963E-002  0.0000000E+000
  0.0000000E+000  1.8506004E-002  1.3454430E-002  0.0000000E+000
  0.0000000E+000  1.8844672E-002  1.3388846E-002  0.0000000E+000
  0.0000000E+000  1.9189446E-002  1.3313504E-002  0.0000000E+000
  0.0000000E+000  1.9540529E-002  1.3228737E-002  0.0000000E+000
  0.0000000E+000  1.9898126E-002  1.3134912E-002  0.0000000E+000
  0.0000000E+000  2.0262447E-002  1.3032430E-002  0.0000000E+000
  0.0000000E+000  2.0633704E-002  1.2921721E-002  0.0000000E+000
  0.0000000E+000  2.1012108E-002  1.2803242E-002  0.0000000E+000
  0.0000000E+000  2.1397871E-002  1.2677472E-002  0.0000000E+000
  0.0000000E+000  2.1791204E-002  1.2544908E-002  0.0000000E+000
  0.0000000E+000  2.2192316E-002  1.2406063E-002  0.0000000E+000
  0.0000000E+000  2.2601408E-002  1.2261461E-002  0.0000000E+000
  0.0000000E+000  2.3018677E-002  1.2111633E-002  0.0000000E+000
  0.0000000E+000  2.3444314E-002  1.1957113E-002  0.0000000E+000
  0.0000000E+000  2.3878496E-002  1.1798438E-002  0.0000000E+000
  0.0000000E+000  2.4321392E-002  1.1636139E-002  0.0000000E+000
  0.0000000E+000  2.4773156E-002  1.1470743E-002  0.0000000E+000
  0.0000000E+000  2.5233925E-002  1.1302767E-002  0.0000000E+000
  0.0000000E+000  2.5703817E-002  1.1132718E-002  0.0000000E+000
  0.0000000E+000  2.6182932E-002  1.0961089E-002  0.0000000E+000
  0.0000000E+000  2.6671341E-002  1.0788357E-002  0.0000000E+000
  0.0000000E+000  2.7169091E-002  1.0614983E-002  0.0000000E+000
  0.0000000E+000  2.7676199E-002  1.0441406E-002  0.0000000E+000
  0.0000000E+000  2.8192647E-002  1.0268050E-002  0.0000000E+000
  0.0000000E+000  2.8718380E-002  1.0095315E-002  0.0000000E+000
  0.0000000E+000  2.9253302E-002  9.9235808E-003  0.0000000E+000
  0.0000000E+000  2.9797274E-002  9.7532061E-003  0.0000000E+000
  0.0000000E+000  3.0350105E-002  9.5845272E-003  0.0000000E+000
  0.0000000E+000  3.0911553E-002  9.4178587E-003  0.0000000E+000
  0.0000000E+000  3.1481319E-002  9.2534938E-003  0.0000000E+000
  0.0000000E+000  3.2059040E-002  9.0917044E-003  0.0000000E+000
  0.0000000E+000  3.2644289E-002  8.9327417E-003  0.0000000E+000
  0.0000000E+000  3.3236568E-002  8.7768370E-003  0.0000000E+000
  0.0000000E+000  3.3835302E-002  8.6242020E-003  0.0000000E+000
  0.0000000E+000  3.4439839E-002  8.4750299E-003  0.0000000E+000
  0.0000000E+000  3.5049443E-002  8.3294961E-003  0.0000000E+000
  0.0000000E+000  3.5663291E-002  8.1877591E-003  0.0000000E+000
  0.0000000E+000  3.6280469E-002  8.0499617E-003  0.0000000E+000
  0.0000000E+000  3.6899971E-002  7.9162314E-003  0.0000000E+000
  0.0000000E+000  3.7520693E-002  7.7866819E-003  0.0000000E+000
  0.0000000E+000  3.8141437E-002  7.6614139E-003  0.0000000E+000
  0.0000000E+000  3.8760905E-002  7.5405157E-003  0.0000000E+000
  0.0000000E+000  3.9377702E-002  7.4240647E-003  0.0000000E+000
  0.0000000E+000  3.9990338E-002  7.3121280E-003  0.0000000E+000
  0.0000000E+000  4.0597227E-002  7.2047632E-003  0.0000000E+000
  0.0000000E+000  4.1196696E-002  7.1020194E-003  0.0000000E+000
  0.0000000E+000  4.1786987E-002  7.0039383E-003  0.0000000E+000
  0.0000000E+000  4.2366265E-002  6.9105542E-003  0.0000000E+000
  0.0000000E+000  4.2932628E-002  6.8218957E-003  0.0000000E+000
  0.0000000E+000  4.3484114E-002  6.7379855E-003  0.0000000E+000
  0.0000000E+000  4.4018717E-002  6.6588419E-003  0.0000000E+000
  0.0000000E+000  4.4534398E-002  6.5844787E-003  0.0000000E+000
  0.0000000E+000  4.5029102E-002  6.5149063E-003  0.0000000E+000
  0.0000000E+000  4.5500775E-002  6.4501320E-003  0.0000000E+000
  0.0000000E+000  4.5947379E-002  6.3901604E-003  0.0000000E+000
  0.0000000E+000  4.6366916E-002  6.3349941E-003  0.0000000E+000
  0.0000000E+000  4.6757444E-002  6.2846341E-003  0.0000000E+000
  0.0000000E+000  4.7117100E-002  6.2390799E-003  0.0000000E+000
  0.0000000E+000  4.7444120E-002  6.1983301E-003  0.0000000E+000
  0.0000000E+000  4.7736858E-002  6.1623828E-003  0.0000000E+000
  0.0000000E+000  4.7993808E-002  6.1312355E-003  0.0000000E+000
  0.0000000E+000  4.8213623E-002  6.1048856E-003  0.0000000E+000
  0.0000000E+000  4.8395131E-002  6.0833306E-003  0.0000000E+000
  0.0000000E+000  4.8537348E-002  6.0665683E-003  0.0000000E+000
  0.0000000E+000  4.8639496E-002  6.0545966E-003  0.0000000E+000
  0.0000000E+000  4.8701013E-002  6.0474142E-003  0.0000000E+000
