           [1>1]           [1>2]           [1>3]           [1>4]           [1>5]           [2>1]           [2>2]           [2>3]           [2>4]           [2>5]           [3>1]           [3>2]           [3>3]           [3>4]           [3>5]           [4>1]           [4>2]           [4>3]           [4>4]           [4>5]           [5>1]           [5>2]           [5>3]           [5>4]           [5>5]
  0.0000000E+000  0.0000000E+000  0.0000000E+000  0.0000000E+000  0.0000000E+000  0.0000000E+000  0.0000000E+000  0.0000000E+000  0.0000000E+000  0.0000000E+000  0.0000000E+000  0.0000000E+000  0.0000000E+000  0.0000000E+000  0.0000000E+000  0.0000000E+000  0.0000000E+000  0.0000000E+000  0.0000000E+000  0.0000000E+000  0.0000000E+000  0.0000000E+000  0.0000000E+000  0.0000000E+000  0.0000000E+000
  0.0000000E+000  1.7254569E-001  3.9952408E-005  7.2826784E-007  1.4566372E-004  5.2214311E-001  0.0000000E+000  8.6650317E-002  8.6555365E-002  8.2685619E-002  1.1288173E-005  1.0689505E-005  0.0000000E+000  4.5090242E-005  1.2167565E-004  2.1192478E-004  2.0209206E-006  5.5746068E-005  0.0000000E+000  1.2024371E-007  1.1040317E-005  6.4762887E-005  3.1805771E-005  4.0940407E-006  0.0000000E+000
  0.0000000E+000  1.7366275E-001  4.0179722E-005  7.2574135E-007  1.4573560E-004  5.0777629E-001  0.0000000E+000  9.5236587E-002  9.4641099E-002  9.1237901E-002  1.1464436E-005  1.0815888E-005  0.0000000E+000  4.5107125E-005  1.2176894E-004  2.1295472E-004  2.1906983E-006  5.5822070E-005  0.0000000E+000  1.7897747E-007  1.1186036E-005  6.5267653E-005  3.1802857E-005  4.0266823E-006  0.0000000E+000
  0.0000000E+000  1.7554636E-001  4.0562770E-005  7.2149907E-007  1.4585521E-004  4.8548471E-001  0.0000000E+000  1.0851342E-001  1.0714654E-001  1.0446437E-001  1.1765655E-005  1.1031451E-005  0.0000000E+000  4.5136158E-005  1.2192977E-004  2.1470418E-004  2.4820697E-006  5.5951209E-005  0.0000000E+000  2.8077903E-007  1.1438929E-005  6.6127182E-005  3.1798982E-005  3.9139855E-006  0.0000000E+000
  0.0000000E+000  1.7823010E-001  4.1107990E-005  7.1549319E-007  1.4602219E-004  4.5732451E-001  0.0000000E+000  1.2519574E-001  1.2286470E-001  1.2108773E-001  1.2203641E-005  1.1343989E-005  0.0000000E+000  4.5178768E-005  1.2216670E-004  2.1722495E-004  2.9084179E-006  5.6137368E-005  0.0000000E+000  4.3190782E-007  1.1815044E-005  6.7370299E-005  3.1795741E-005  3.7553559E-006  0.0000000E+000
  0.0000000E+000  1.8176261E-001  4.1824697E-005  7.0765546E-007  1.4623596E-004  4.2551202E-001  0.0000000E+000  1.4389925E-001  1.4049535E-001  1.3973203E-001  1.2796297E-005  1.1765281E-005  0.0000000E+000  4.5237134E-005  1.2249281E-004  2.2059465E-004  3.4901376E-006  5.6386376E-005  0.0000000E+000  6.4197247E-007  1.2339024E-005  6.9040452E-005  3.1795644E-005  3.5500879E-006  0.0000000E+000
  0.0000000E+000  1.8620941E-001  4.2725403E-005  6.9789597E-007  1.4649552E-004  3.9207441E-001  0.0000000E+000  1.6335927E-001  1.5885055E-001  1.5914016E-001  1.3569230E-005  1.2312116E-005  0.0000000E+000  4.5314408E-005  1.2292707E-004  2.2492275E-004  4.2565954E-006  5.6706457E-005  0.0000000E+000  9.2493663E-007  1.3046699E-005  7.1199328E-005  3.1802441E-005  3.2975327E-006  0.0000000E+000
  0.0000000E+000  1.9165526E-001  4.3826256E-005  6.8610154E-007  1.4679932E-004  3.5864431E-001  0.0000000E+000  1.8255939E-001  1.7697544E-001  1.7830167E-001  1.4558221E-005  1.3007845E-005  0.0000000E+000  4.5415052E-005  1.2349634E-004  2.3035957E-004  5.2491601E-006  5.7108915E-005  0.0000000E+000  1.3006849E-006  1.3989115E-005  7.3932356E-005  3.1821647E-005  2.9973885E-006  0.0000000E+000
  0.0000000E+000  1.9820743E-001  4.5147618E-005  6.7213379E-007  1.4714498E-004  3.2639567E-001  0.0000000E+000  2.0077149E-001  1.9418585E-001  1.9649261E-001  1.5812993E-005  1.3884756E-005  0.0000000E+000  4.5545351E-005  1.2423856E-004  2.3710982E-004  6.5258558E-006  5.7609161E-005  0.0000000E+000  1.7974460E-006  1.5238769E-005  7.7357036E-005  3.1861359E-005  2.6501997E-006  0.0000000E+000
  0.0000000E+000  2.0599979E-001  4.6714808E-005  6.5582709E-007  1.4752887E-004  2.9607748E-001  0.0000000E+000  2.1753465E-001  2.1004848E-001  2.1325452E-001  1.7403002E-005  1.4987689E-005  0.0000000E+000  4.5714226E-005  1.2520769E-004  2.4545300E-004  8.1685726E-006  5.8228263E-005  0.0000000E+000  2.4555790E-006  1.6899354E-005  8.1635620E-005  3.1933563E-005  2.2582200E-006  0.0000000E+000
  0.0000000E+000  2.1519818E-001  4.8559048E-005  6.3698643E-007  1.4794560E-004  2.6809535E-001  0.0000000E+000  2.3260388E-001  2.2433276E-001  2.2834350E-001  1.9426506E-005  1.6379686E-005  0.0000000E+000  4.5934507E-005  1.2648151E-004  2.5577464E-004  1.0294458E-005  5.8995325E-005  0.0000000E+000  3.3336089E-006  1.9121272E-005  8.6994764E-005  3.2056248E-005  1.8269242E-006  0.0000000E+000
  0.0000000E+000  2.2600716E-001  5.0718641E-005  6.1538576E-007  1.4838725E-004  2.4260396E-001  0.0000000E+000  2.4589212E-001  2.3695645E-001  2.4167259E-001  2.2025123E-005  1.8151003E-005  0.0000000E+000  4.6225007E-005  1.2817435E-004  2.6861538E-004  1.3074389E-005  5.9951227E-005  0.0000000E+000  4.5181020E-006  2.2127015E-005  9.3756767E-005  3.2256929E-005  1.3677105E-006  0.0000000E+000
  0.0000000E+000  2.3867843E-001  5.3240440E-005  5.9076720E-007  1.4884224E-004  2.1958973E-001  0.0000000E+000  2.5741843E-001  2.4793684E-001  2.5326025E-001  2.5407979E-005  2.0433986E-005  0.0000000E+000  4.6614007E-005  1.3045847E-004  2.8475043E-004  1.6763917E-005  6.1154690E-005  0.0000000E+000  6.1403601E-006  2.6254013E-005  1.0239081E-004  3.2578701E-005  9.0284939E-007  0.0000000E+000
  0.0000000E+000  2.5352135E-001  5.6181623E-005  5.6284252E-007  1.4929382E-004  1.9893577E-001  0.0000000E+000  2.6726710E-001  2.5735253E-001  2.6318974E-001  2.9893283E-005  2.3428530E-005  0.0000000E+000  4.7145333E-005  1.3360147E-004  3.0532298E-004  2.1757140E-005  6.2692489E-005  0.0000000E+000  8.4057559E-006  3.2029831E-005  1.1360017E-004  3.3091044E-005  4.7484457E-007  0.0000000E+000
  0.0000000E+000  2.7091562E-001  5.9611802E-005  5.3129859E-007  1.4971779E-004  1.8046884E-001  0.0000000E+000  2.7555821E-001  2.6531567E-001  2.7157990E-001  3.5983235E-005  2.7447699E-005  0.0000000E+000  4.7889434E-005  1.3803450E-004  3.3207858E-004  2.8684917E-005  6.4697412E-005  0.0000000E+000  1.1647705E-005  4.0310265E-005  1.2847763E-004  3.3910016E-005  1.6485629E-007  0.0000000E+000
  0.0000000E+000  2.9132626E-001  6.3615414E-005  4.9581027E-007  1.5007933E-004  1.6399096E-001  0.0000000E+000  2.8242770E-001  2.7195327E-001  2.7856526E-001  4.4506388E-005  3.3003894E-005  0.0000000E+000  4.8964733E-005  1.4448405E-004  3.6779876E-004  3.8603981E-005  6.7381585E-005  0.0000000E+000  1.6432559E-005  5.2547071E-005  1.4879728E-004  3.5238033E-005  1.3079435E-007  0.0000000E+000
  0.0000000E+000  3.1532013E-001  6.8294193E-005  4.5606632E-007  1.5032842E-004  1.4929953E-001  0.0000000E+000  2.8801467E-001  2.7739534E-001  2.8428354E-001  5.6906262E-005  4.0982453E-005  0.0000000E+000  5.0581473E-005  1.5424288E-004  4.1715640E-004  5.3385936E-005  7.1102345E-005  0.0000000E+000  2.3777399E-005  7.1341995E-005  1.7759912E-004  3.7447559E-005  6.9106611E-007  0.0000000E+000
  0.0000000E+000  3.4358214E-001  7.3769283E-005  4.1181756E-007  1.5039335E-004  1.3619924E-001  0.0000000E+000  2.9245385E-001  2.8176772E-001  2.8886806E-001  7.5874214E-005  5.3019805E-005  0.0000000E+000  5.3139227E-005  1.6977360E-004  4.8853892E-004  7.6584851E-005  7.6503070E-005  0.0000000E+000  3.5640424E-005  1.0168855E-004  2.2045543E-004  4.1271718E-005  2.5234248E-006  0.0000000E+000
  0.0000000E+000  3.7692633E-001  8.0181936E-005  3.6296289E-007  1.5017153E-004  1.2450849E-001  0.0000000E+000  2.9587143E-001  2.8518828E-001  2.9244367E-001  1.0687893E-004  7.2410828E-005  0.0000000E+000  5.7466014E-005  1.9619133E-004  5.9832817E-004  1.1557768E-004  8.4844796E-005  0.0000000E+000  5.6142863E-005  1.5404584E-004  2.8849367E-004  4.8283915E-005  7.1855920E-006  0.0000000E+000
  0.0000000E+000  4.1629175E-001  8.7690727E-005  3.0969733E-007  1.4951690E-004  1.1406232E-001  0.0000000E+000  2.9838322E-001  2.8776509E-001  2.9512490E-001  1.6234209E-004  1.0656611E-004  0.0000000E+000  6.5481721E-005  2.4538453E-004  7.8223866E-004  1.8756687E-004  9.8888143E-005  0.0000000E+000  9.5032342E-005  2.5296586E-004  4.0654671E-004  6.2267262E-005  1.8661363E-005  0.0000000E+000
  0.0000000E+000  4.6270285E-001  9.6461279E-005  2.5275963E-007  1.4822331E-004  1.0471316E-001  0.0000000E+000  3.0009403E-001  2.8959593E-001  2.9701535E-001  2.7490075E-004  1.7474079E-004  0.0000000E+000  8.2345557E-005  3.4938195E-004  1.1302079E-003  3.3939725E-004  1.2562087E-004  0.0000000E+000  1.7925707E-004  4.6547349E-004  6.3871282E-004  9.3806385E-005  4.8764234E-005  0.0000000E+000
  0.0000000E+000  5.1715647E-001  1.0664128E-004  1.9383039E-007  1.4600464E-004  9.6330343E-002  0.0000000E+000  3.0109793E-001  2.9076850E-001  2.9820797E-001  5.4686502E-004  3.3645291E-004  0.0000000E+000  1.2467914E-004  6.1168343E-004  1.9115009E-003  7.2641531E-004  1.8611743E-004  0.0000000E+000  3.9978246E-004  1.0127001E-003  1.1823530E-003  1.7880494E-004  1.4005479E-004  0.0000000E+000
  0.0000000E+000  5.8037061E-001  1.1830884E-004  1.3613668E-007  1.4247543E-004  8.8798933E-002  0.0000000E+000  3.0147894E-001  2.9136105E-001  2.9878570E-001  1.3105943E-003  7.8013919E-004  0.0000000E+000  2.4909307E-004  1.3865599E-003  3.9206800E-003  1.9080446E-003  3.4359380E-004  0.0000000E+000  1.0938525E-003  2.6828966E-003  2.6602534E-003  4.5086526E-004  4.6475097E-004  0.0000000E+000
  0.0000000E+000  6.5229821E-001  1.3137733E-004  8.5283276E-008  1.3714357E-004  8.2018279E-002  0.0000000E+000  3.0131184E-001  2.9144319E-001  2.9882233E-001  2.1565649E-003  1.2416390E-003  0.0000000E+000  4.0285692E-004  2.3549962E-003  5.1305858E-003  3.2389143E-003  4.4472718E-004  0.0000000E+000  1.9337109E-003  4.8188688E-003  4.0571998E-003  8.3311888E-004  1.0052408E-003  0.0000000E+000
  0.0000000E+000  7.3130203E-001  1.4544063E-004  5.0182963E-008  1.2944068E-004  7.5900451E-002  0.0000000E+000  3.0066311E-001  2.9107674E-001  2.9838342E-001  1.0564061E-003  5.8815853E-004  0.0000000E+000  2.3130850E-004  1.2915939E-003  1.8135105E-003  1.5040476E-003  1.8692765E-004  0.0000000E+000  9.3494494E-004  2.4871983E-003  1.7806863E-003  4.6813953E-004  6.0611768E-004  0.0000000E+000
  0.0000000E+000  8.1298947E-001  1.5956547E-004  4.3589086E-008  1.1883444E-004  7.0368732E-002  0.0000000E+000  2.9959183E-001  2.9031660E-001  2.9752718E-001  4.5013833E-004  2.4230998E-004  0.0000000E+000  1.2918377E-004  6.5316901E-004  5.9080732E-004  6.5003615E-004  8.9713782E-005  0.0000000E+000  4.2064707E-004  1.1406217E-003  6.9660592E-004  2.4130171E-004  3.1703538E-004  0.0000000E+000
  0.0000000E+000  8.8907283E-001  1.7210941E-004  8.1114534E-008  1.0507206E-004  6.5356209E-002  0.0000000E+000  2.9815054E-001  2.8921154E-001  2.9630533E-001  2.3294254E-004  1.2122544E-004  0.0000000E+000  9.1108205E-005  4.1413167E-004  2.3720682E-004  3.4667399E-004  6.1022667E-005  0.0000000E+000  2.3350111E-004  6.3970207E-004  3.3490352E-004  1.5402084E-004  1.9893751E-004  0.0000000E+000
  0.0000000E+000  9.4731546E-001  1.8076794E-004  1.7721366E-007  8.8545085E-005  6.0804502E-002  0.0000000E+000  2.9638597E-001  2.8780490E-001  2.9476388E-001  1.3965743E-004  7.0260375E-005  0.0000000E+000  7.4210014E-005  3.0766707E-004  1.1231880E-004  2.1429920E-004  5.0629325E-005  0.0000000E+000  1.5021425E-004  4.1585788E-004  1.8787798E-004  1.1399669E-004  1.4245132E-004  0.0000000E+000
  0.0000000E+000  9.7409686E-001  1.8311859E-004  3.3779167E-007  7.0595196E-005  5.6662624E-002  0.0000000E+000  2.9433977E-001  2.8613527E-001  2.9294375E-001  9.2425250E-005  4.4951257E-005  0.0000000E+000  6.5398508E-005  2.5196340E-004  6.1591066E-005  1.4591969E-004  4.6256021E-005  0.0000000E+000  1.0643008E-004  2.9809846E-004  1.1720063E-004  9.2472596E-005  1.1103929E-004  0.0000000E+000
  0.0000000E+000  9.5991619E-001  1.7766788E-004  5.5296254E-007  5.3404034E-005  5.2885996E-002  0.0000000E+000  2.9204905E-001  2.8423704E-001  2.9088143E-001  6.5519950E-005  3.0807186E-005  0.0000000E+000  6.0241236E-005  2.1924971E-004  3.9568951E-005  1.0616693E-004  4.4252088E-005  0.0000000E+000  8.0563106E-005  2.2852753E-004  7.8980759E-005  7.9506681E-005  9.1581724E-005  0.0000000E+000
  0.0000000E+000  9.0481851E-001  1.6478657E-004  7.9681867E-007  3.9269910E-005  4.9435577E-002  0.0000000E+000  2.8954699E-001  2.8214087E-001  2.8860948E-001  4.8831878E-005  2.2199778E-005  0.0000000E+000  5.6961138E-005  1.9836962E-004  3.0087661E-005  8.1015946E-005  4.3304532E-005  0.0000000E+000  6.3951207E-005  1.8385269E-004  5.6505152E-005  7.1033454E-005  7.8560475E-005  0.0000000E+000
  0.0000000E+000  8.1900387E-001  1.4667906E-004  1.0370878E-006  2.9665337E-005  4.6277120E-002  0.0000000E+000  2.8686323E-001  2.7987417E-001  2.8615699E-001  3.7801620E-005  1.6617923E-005  0.0000000E+000  5.4742243E-005  1.8419142E-004  2.6539451E-005  6.4070614E-005  4.2869886E-005  0.0000000E+000  5.2601813E-005  1.5333157E-004  4.2446202E-005  6.5151453E-005  6.9333972E-005  0.0000000E+000
  0.0000000E+000  7.1774352E-001  1.2633040E-004  1.2479512E-006  2.4793684E-005  4.3380524E-002  0.0000000E+000  2.8402430E-001  2.7746145E-001  2.8354999E-001  3.0144538E-005  1.2816329E-005  0.0000000E+000  5.3168769E-005  1.7409599E-004  2.5936334E-005  5.2088579E-005  4.2698835E-005  0.0000000E+000  4.4471027E-005  1.3146505E-004  3.3229968E-005  6.0874977E-005  6.2504982E-005  0.0000000E+000
  0.0000000E+000  6.1498597E-001  1.0631444E-004  1.4167195E-006  2.3871746E-005  4.0719284E-002  0.0000000E+000  2.8105398E-001  2.7492464E-001  2.8081176E-001  2.4618324E-005  1.0124676E-005  0.0000000E+000  5.2010988E-005  1.6663406E-004  2.6823792E-005  4.3286296E-005  4.2667929E-005  0.0000000E+000  3.8424111E-005  1.1520080E-004  2.6964030E-005  5.7650545E-005  5.7274756E-005  0.0000000E+000
  0.0000000E+000  5.1990123E-001  8.8219745E-005  1.5424401E-006  2.5727346E-005  3.8270009E-002  0.0000000E+000  2.7797357E-001  2.7228341E-001  2.7796319E-001  2.0502163E-005  8.1579064E-006  0.0000000E+000  5.1133535E-005  1.6095043E-004  2.8454848E-005  3.6617126E-005  4.2712439E-005  0.0000000E+000  3.3789285E-005  1.0273222E-004  2.2579175E-005  5.5147035E-005  5.3157630E-005  0.0000000E+000
  0.0000000E+000  4.3678905E-001  7.2704504E-005  1.6308504E-006  2.9260749E-005  3.6012018E-002  0.0000000E+000  2.7480218E-001  2.6955536E-001  2.7502298E-001  1.7355232E-005  6.6828713E-006  0.0000000E+000  5.0452382E-005  1.5651353E-004  3.0431292E-005  3.1433858E-005  4.2796955E-005  0.0000000E+000  3.0147621E-005  9.2933008E-005  1.9438835E-005  5.3155919E-005  4.9843185E-005  0.0000000E+000
  0.0000000E+000  3.6657028E-001  5.9815730E-005  1.6898841E-006  3.3640044E-005  3.3926989E-002  0.0000000E+000  2.7155697E-001  2.6675630E-001  2.7200792E-001  1.4895971E-005  5.5521289E-006  0.0000000E+000  4.9913068E-005  1.5297840E-004  3.2535922E-005  2.7318615E-005  4.2901500E-005  0.0000000E+000  2.7226434E-005  8.5070143E-005  1.7147355E-005  5.1540194E-005  4.7124672E-005  0.0000000E+000
  0.0000000E+000  3.0835646E-001  4.9294776E-005  1.7271075E-006  3.8313979E-005  3.1998650E-002  0.0000000E+000  2.6825332E-001  2.6390040E-001  2.6893306E-001  1.2937869E-005  4.6689789E-006  0.0000000E+000  4.9478998E-005  1.5011294E-004  3.4649318E-005  2.3991637E-005  4.3014585E-005  0.0000000E+000  2.4841733E-005  7.8649122E-005  1.5449825E-005  5.0206599E-005  4.4859564E-005  0.0000000E+000
  0.0000000E+000  2.6053355E-001  4.0777389E-005  1.7487290E-006  4.2951536E-005  3.0212527E-002  0.0000000E+000  2.6490502E-001  2.6100036E-001  2.6581191E-001  1.1353484E-005  3.9680041E-006  0.0000000E+000  4.9124812E-005  1.4775616E-004  3.6706524E-005  2.1259781E-005  4.3129546E-005  0.0000000E+000  2.2865526E-005  7.3325979E-005  1.4176937E-005  4.9089710E-005  4.2946690E-005  0.0000000E+000
  0.0000000E+000  2.2135943E-001  3.3898221E-005  1.7594649E-006  4.7372001E-005  2.8555716E-002  0.0000000E+000  2.6152446E-001  2.5806756E-001  2.6265655E-001  1.0053382E-005  3.4037552E-006  0.0000000E+000  4.8832467E-005  1.4579338E-004  3.8673588E-005  1.8986121E-005  4.3242535E-005  0.0000000E+000  2.1206409E-005  6.8855090E-005  1.3213279E-005  4.8142429E-005  4.1312415E-005  0.0000000E+000
  0.0000000E+000  1.8923630E-001  2.8334700E-005  1.7627481E-006  5.1489010E-005  2.7016691E-002  0.0000000E+000  2.5812273E-001  2.5511223E-001  2.5947785E-001  8.9733265E-006  2.9439154E-006  0.0000000E+000  4.8588826E-005  1.4414101E-004  4.0534452E-005  1.7071326E-005  4.3351381E-005  0.0000000E+000  1.9797601E-005  6.5057008E-005  1.2478385E-005  4.7330080E-005  3.9901962E-005  0.0000000E+000
  0.0000000E+000  1.6280430E-001  2.3819046E-005  1.7610181E-006  5.5271959E-005  2.5585135E-002  0.0000000E+000  2.5470974E-001  2.5214348E-001  2.5628549E-001  8.0662288E-006  2.5650341E-006  0.0000000E+000  4.8384126E-005  1.4273689E-004  4.2283426E-005  1.5441869E-005  4.3454929E-005  0.0000000E+000  1.8589327E-005  6.1797982E-005  1.1915044E-005  4.6626627E-005  3.8673803E-005  0.0000000E+000
  0.0000000E+000  1.4094963E-001  2.0135970E-005  1.7559849E-006  5.8721414E-005  2.4251799E-002  0.0000000E+000  2.5129438E-001  2.4916949E-001  2.5308817E-001  7.2969443E-006  2.2497858E-006  0.0000000E+000  4.8210987E-005  1.4153397E-004  4.3920793E-005  1.4042341E-005  4.3552638E-005  0.0000000E+000  1.7543826E-005  5.8976546E-005  1.1481875E-005  4.6012179E-005  3.7595921E-005  0.0000000E+000
  0.0000000E+000  1.2277808E-001  1.7115205E-005  1.7488376E-006  6.1854174E-005  2.3008372E-002  0.0000000E+000  2.4788457E-001  2.4619755E-001  2.4989363E-001  6.6388174E-006  1.9851640E-006  0.0000000E+000  4.8063732E-005  1.4049607E-004  4.5450184E-005  1.2830321E-005  4.3644345E-005  0.0000000E+000  1.6631998E-005  5.6514504E-005  1.1148486E-005  4.5471306E-005  3.6643263E-005  0.0000000E+000
  0.0000000E+000  1.0757864E-001  1.4623093E-005  1.7403986E-006  6.4694532E-005  2.1847375E-002  0.0000000E+000  2.4448737E-001  2.4323416E-001  2.4670878E-001  6.0713377E-006  1.7612631E-006  0.0000000E+000  4.7937940E-005  1.3959495E-004  4.6877018E-005  1.1772862E-005  4.3730109E-005  0.0000000E+000  1.5831102E-005  5.4350741E-005  1.0892257E-005  4.4991870E-005  3.5795962E-005  0.0000000E+000
  0.0000000E+000  9.4787988E-002  1.2554927E-005  1.7312342E-006  6.7269319E-005  2.0762066E-002  0.0000000E+000  2.4110907E-001  2.4028511E-001  2.4353976E-001  5.5785174E-006  1.5704412E-006  0.0000000E+000  4.7830116E-005  1.3880831E-004  4.8207553E-005  1.0844048E-005  4.3810124E-005  0.0000000E+000  1.5123137E-005  5.2436884E-005  1.0696145E-005  4.4564205E-005  3.5038073E-005  0.0000000E+000
  0.0000000E+000  8.3959705E-002  1.0828586E-005  1.7217325E-006  6.9605217E-005  1.9746355E-002  0.0000000E+000  2.3775522E-001  2.3735552E-001  2.4039203E-001  5.1477462E-006  1.4067334E-006  0.0000000E+000  4.7737468E-005  1.3811831E-004  4.9448324E-005  1.0023254E-005  4.3884658E-005  0.0000000E+000  1.4493694E-005  5.0734204E-005  1.0547174E-005  4.4180527E-005  3.4356662E-005  0.0000000E+000
  0.0000000E+000  7.4739126E-002  9.3794556E-006  1.7121569E-006  7.1727394E-005  1.8794735E-002  0.0000000E+000  2.3443077E-001  2.3444995E-001  2.3727042E-001  4.7689711E-006  1.2654336E-006  0.0000000E+000  4.7657742E-005  1.3751056E-004  5.0605811E-005  9.2938906E-006  4.3954014E-005  0.0000000E+000  1.3931115E-005  4.9211369E-005  1.0435367E-005  4.3834506E-005  3.3741134E-005  0.0000000E+000
  0.0000000E+000  6.6843372E-002  8.1564627E-006  1.7026843E-006  7.3658886E-005  1.7902213E-002  0.0000000E+000  2.3114004E-001  2.3157239E-001  2.3417917E-001  4.4340982E-006  1.1427925E-006  0.0000000E+000  4.7589099E-005  1.3697330E-004  5.1686244E-005  8.6424875E-006  4.4018512E-005  0.0000000E+000  1.3425879E-005  4.7842788E-005  1.0352987E-005  4.3520942E-005  3.3182730E-005  0.0000000E+000
  0.0000000E+000  6.0045731E-002  7.1190325E-006  1.6934312E-006  7.5420411E-005  1.7064260E-002  0.0000000E+000  2.2788685E-001  2.2872637E-001  2.3112204E-001  4.1365528E-006  1.0357964E-006  0.0000000E+000  4.7530025E-005  1.3649687E-004  5.2695509E-005  8.0580069E-006  4.4078470E-005  0.0000000E+000  1.2970144E-005  4.6607380E-005  1.0293987E-005  4.3235531E-005  3.2674154E-005  0.0000000E+000
  0.0000000E+000  5.4163544E-002  6.2347483E-006  1.6844716E-006  7.7030405E-005  1.6276760E-002  0.0000000E+000  2.2467452E-001  2.2591497E-001  2.2810229E-001  3.8709492E-006  9.4200271E-007  0.0000000E+000  4.7479263E-005  1.3607323E-004  5.3639092E-005  7.5313320E-006  4.4134195E-005  0.0000000E+000  1.2557398E-005  4.5487635E-005  1.0253608E-005  4.2974681E-005  3.2209280E-005  0.0000000E+000
  0.0000000E+000  4.9048827E-002  5.4775626E-006  1.6758504E-006  7.8505169E-005  1.5535966E-002  0.0000000E+000  2.2150596E-001  2.2314087E-001  2.2512276E-001  3.6328421E-006  8.5941660E-007  0.0000000E+000  4.7435763E-005  1.3569567E-004  5.4522074E-005  7.0548750E-006  4.4185983E-005  0.0000000E+000  1.2182191E-005  4.4468908E-005  1.0228081E-005  4.2735376E-005  3.1782928E-005  0.0000000E+000
  0.0000000E+000  4.4581012E-002  4.8264243E-006  1.6675917E-006  7.9859065E-005  1.4838462E-002  0.0000000E+000  2.1838365E-001  2.2040639E-001  2.2218592E-001  3.4185360E-006  7.8639732E-007  0.0000000E+000  4.7398639E-005  1.3535856E-004  5.5349130E-005  6.6222772E-006  4.4234113E-005  0.0000000E+000  1.1839936E-005  4.3538860E-005  1.0214406E-005  4.2515061E-005  3.1390694E-005  0.0000000E+000
  0.0000000E+000  4.0661323E-002  4.2642232E-006  1.6597058E-006  8.1104729E-005  1.4181130E-002  0.0000000E+000  2.1530973E-001  2.1771353E-001  2.1929388E-001  3.2249387E-006  7.2158653E-007  0.0000000E+000  4.7367138E-005  1.3505711E-004  5.6124549E-005  6.2281749E-006  4.4278844E-005  0.0000000E+000  1.1526743E-005  4.2687032E-005  1.0210179E-005  4.2311563E-005  3.1028806E-005  0.0000000E+000
  0.0000000E+000  3.7208387E-002  3.7769750E-006  1.6521930E-006  8.2253270E-005  1.3561121E-002  0.0000000E+000  2.1228601E-001  2.1506397E-001  2.1644844E-001  3.0494465E-006  6.6385273E-007  0.0000000E+000  4.7340621E-005  1.3478722E-004  5.6852256E-005  5.8680162E-006  4.4320419E-005  0.0000000E+000  1.1239294E-005  4.1904507E-005  1.0213470E-005  4.2123024E-005  3.0694023E-005  0.0000000E+000
  0.0000000E+000  3.4154809E-002  3.3531877E-006  1.6450473E-006  8.3314464E-005  1.2975826E-002  0.0000000E+000  2.0931401E-001  2.1245915E-001  2.1365112E-001  2.8898547E-006  6.1224800E-007  0.0000000E+000  4.7318534E-005  1.3454540E-004  5.7535842E-005  5.5379171E-006  4.4359062E-005  0.0000000E+000  1.0974748E-005  4.1183641E-005  1.0222720E-005  4.1947842E-005  3.0383538E-005  0.0000000E+000
  0.0000000E+000  3.1444483E-002  2.9833689E-006  1.6382583E-006  8.4296922E-005  1.2422855E-002  0.0000000E+000  2.0639499E-001  2.0990025E-001  2.1090315E-001  2.7442861E-006  5.6597393E-007  0.0000000E+000  4.7300403E-005  1.3432863E-004  5.8178586E-005  5.2345453E-006  4.4394983E-005  0.0000000E+000  1.0730654E-005  4.0517845E-005  1.0236666E-005  4.1784636E-005  3.0094914E-005  0.0000000E+000
  0.0000000E+000  2.9030468E-002  2.6596382E-006  1.6318128E-006  8.5208239E-005  1.1900017E-002  0.0000000E+000  2.0352997E-001  2.0738823E-001  2.0820557E-001  2.6111345E-006  5.2435465E-007  0.0000000E+000  4.7285813E-005  1.3413430E-004  5.8783484E-005  4.9550281E-006  4.4428373E-005  0.0000000E+000  1.0504891E-005  3.9901416E-005  1.0254285E-005  4.1632203E-005  2.9826026E-005  0.0000000E+000
  0.0000000E+000  2.6873297E-002  2.3754220E-006  1.6256962E-006  8.6055129E-005  1.1405295E-002  0.0000000E+000  2.0071972E-001  2.0492387E-001  2.0555918E-001  2.4890188E-006  4.8681531E-007  0.0000000E+000  4.7274403E-005  1.3396012E-004  5.9353275E-005  4.6968776E-006  4.4459409E-005  0.0000000E+000  1.0295615E-005  3.9329391E-005  1.0274741E-005  4.1489497E-005  2.9575008E-005  0.0000000E+000
  0.0000000E+000  2.4939639E-002  2.1252118E-006  1.6198929E-006  8.6843538E-005  1.0936838E-002  0.0000000E+000  1.9796487E-001  2.0250776E-001  2.0296462E-001  2.3767464E-006  4.5286480E-007  0.0000000E+000  4.7265856E-005  1.3380410E-004  5.9890462E-005  4.4579296E-006  4.4488256E-005  0.0000000E+000  1.0101213E-005  3.8797438E-005  1.0297355E-005  4.1355598E-005  2.9340221E-005  0.0000000E+000
  0.0000000E+000  2.3201218E-002  1.9043713E-006  1.6143872E-006  8.7578741E-005  1.0492939E-002  0.0000000E+000  1.9526585E-001  2.0014033E-001  2.0042232E-001  2.2732828E-006  4.2208175E-007  0.0000000E+000  4.7259893E-005  1.3366448E-004  6.0397336E-005  4.2362937E-006  4.4515064E-005  0.0000000E+000  9.9202732E-006  3.8301758E-005  1.0321571E-005  4.1229702E-005  2.9120217E-005  0.0000000E+000
  0.0000000E+000  2.1633944E-002  1.7089820E-006  1.6091633E-006  8.8265430E-005  1.0072027E-002  0.0000000E+000  1.9262292E-001  1.9782186E-001  1.9793260E-001  2.1777274E-006  3.9410324E-007  0.0000000E+000  4.7256265E-005  1.3353973E-004  6.0875993E-005  4.0303127E-006  4.4539973E-005  0.0000000E+000  9.7515516E-006  3.7839007E-005  1.0346935E-005  4.1111096E-005  2.8913714E-005  0.0000000E+000
  0.0000000E+000  2.0217213E-002  1.5357186E-006  1.6042060E-006  8.8907789E-005  9.6726505E-003  0.0000000E+000  1.9003623E-001  1.9555253E-001  1.9549562E-001  2.0892929E-006  3.6861544E-007  0.0000000E+000  4.7254751E-005  1.3342847E-004  6.1328355E-005  3.8385279E-006  4.4563113E-005  0.0000000E+000  9.5939497E-006  3.7406230E-005  1.0373078E-005  4.0999152E-005  2.8719570E-005  0.0000000E+000
  0.0000000E+000  1.8933331E-002  1.3817487E-006  1.5995005E-006  8.9509555E-005  9.2934697E-003  0.0000000E+000  1.8750578E-001  1.9333238E-001  1.9311143E-001  2.0072888E-006  3.4534608E-007  0.0000000E+000  4.7255157E-005  1.3332948E-004  6.1756186E-005  3.6596514E-006  4.4584601E-005  0.0000000E+000  9.4464940E-006  3.7000811E-005  1.0399695E-005  4.0893310E-005  2.8536771E-005  0.0000000E+000
  0.0000000E+000  1.7767048E-002  1.2446509E-006  1.5950325E-006  9.0074072E-005  8.9332455E-003  0.0000000E+000  1.8503147E-001  1.9116136E-001  1.9077996E-001  1.9311074E-006  3.2405805E-007  0.0000000E+000  4.7257303E-005  1.3324168E-004  6.2161105E-005  3.4925421E-006  4.4604550E-005  0.0000000E+000  9.3083189E-006  3.6620422E-005  1.0426541E-005  4.0793073E-005  2.8364406E-005  0.0000000E+000
  0.0000000E+000  1.6705175E-002  1.1223479E-006  1.5907886E-006  9.0604345E-005  8.5908314E-003  0.0000000E+000  1.8261311E-001  1.8903932E-001  1.8850106E-001  1.8602119E-006  3.0454426E-007  0.0000000E+000  4.7261032E-005  1.3316410E-004  6.2544601E-005  3.3361860E-006  4.4623059E-005  0.0000000E+000  9.1786527E-006  3.6262989E-005  1.0453415E-005  4.0697998E-005  2.8201662E-005  0.0000000E+000
  0.0000000E+000  1.5736263E-002  1.0130518E-006  1.5867561E-006  9.1103072E-005  8.2651651E-003  0.0000000E+000  1.8025041E-001  1.8696605E-001  1.8627448E-001  1.7941271E-006  2.8662326E-007  0.0000000E+000  4.7266199E-005  1.3309585E-004  6.2908043E-005  3.1896792E-006  4.4640225E-005  0.0000000E+000  9.0568050E-006  3.5926657E-005  1.0480152E-005  4.0607688E-005  2.8047804E-005  0.0000000E+000
  0.0000000E+000  1.4850347E-002  9.1521860E-007  1.5829228E-006  9.1572685E-005  7.9552617E-003  0.0000000E+000  1.7794302E-001  1.8494125E-001  1.8409990E-001  1.7324308E-006  2.7013560E-007  0.0000000E+000  4.7272674E-005  1.3303615E-004  6.3252696E-005  3.0522137E-006  4.4656134E-005  0.0000000E+000  8.9421572E-006  3.5609764E-005  1.0506623E-005  4.0521785E-005  2.7902174E-005  0.0000000E+000
  0.0000000E+000  1.4038720E-002  8.2751143E-007  1.5792776E-006  9.2015382E-005  7.6602070E-003  0.0000000E+000  1.7569050E-001  1.8296456E-001  1.8197696E-001  1.6747469E-006  2.5494075E-007  0.0000000E+000  4.7280337E-005  1.3298429E-004  6.3579723E-005  2.9230657E-006  4.4670869E-005  0.0000000E+000  8.8341528E-006  3.5310813E-005  1.0532721E-005  4.0439969E-005  2.7764176E-005  0.0000000E+000
  0.0000000E+000  1.3293757E-002  7.4876896E-007  1.5758097E-006  9.2433150E-005  7.3791522E-003  0.0000000E+000  1.7349237E-001  1.8103559E-001  1.7990519E-001  1.6207394E-006  2.4091454E-007  0.0000000E+000  4.7289080E-005  1.3293962E-004  6.3890200E-005  2.8015846E-006  4.4684505E-005  0.0000000E+000  8.7322904E-006  3.5028459E-005  1.0558363E-005  4.0361951E-005  2.7633269E-005  0.0000000E+000
  0.0000000E+000  1.2608758E-002  6.7797978E-007  1.5725092E-006  9.2827790E-005  7.1113079E-003  0.0000000E+000  1.7134810E-001  1.7915388E-001  1.7788413E-001  1.5701077E-006  2.2794699E-007  0.0000000E+000  4.7298803E-005  1.3290155E-004  6.4185121E-005  2.6871845E-006  4.4697113E-005  0.0000000E+000  8.6361172E-006  3.4761485E-005  1.0583483E-005  4.0287472E-005  2.7508964E-005  0.0000000E+000
  0.0000000E+000  1.1977821E-002  6.1426066E-007  1.5693667E-006  9.3200937E-005  6.8559398E-003  0.0000000E+000  1.6925711E-001  1.7731893E-001  1.7591323E-001  1.5225817E-006  2.1594041E-007  0.0000000E+000  4.7309415E-005  1.3286955E-004  6.4465407E-005  2.5793365E-006  4.4708759E-005  0.0000000E+000  8.5452234E-006  3.4508790E-005  1.0608028E-005  4.0216294E-005  2.7390817E-005  0.0000000E+000
  0.0000000E+000  1.1395734E-002  5.5683834E-007  1.5663735E-006  9.3554081E-005  6.6123641E-003  0.0000000E+000  1.6721879E-001  1.7553023E-001  1.7399194E-001  1.4779188E-006  2.0480787E-007  0.0000000E+000  4.7320830E-005  1.3284312E-004  6.4731911E-005  2.4775621E-006  4.4719504E-005  0.0000000E+000  8.4592369E-006  3.4269377E-005  1.0631961E-005  4.0148204E-005  2.7278423E-005  0.0000000E+000
  0.0000000E+000  1.0857880E-002  5.0503426E-007  1.5635213E-006  9.3888578E-005  6.3799437E-003  0.0000000E+000  1.6523249E-001  1.7378720E-001  1.7211965E-001  1.4358998E-006  1.9447179E-007  0.0000000E+000  4.7332970E-005  1.3282183E-004  6.4985424E-005  2.3814274E-006  4.4729404E-005  0.0000000E+000  8.3778199E-006  3.4042339E-005  1.0655253E-005  4.0083008E-005  2.7171412E-005  0.0000000E+000
  0.0000000E+000  1.0360163E-002  4.5825151E-007  1.5608026E-006  9.4205665E-005  6.1580843E-003  0.0000000E+000  1.6329755E-001  1.7208929E-001  1.7029575E-001  1.3963270E-006  1.8486283E-007  0.0000000E+000  4.7345762E-005  1.3280524E-004  6.5226679E-005  2.2905386E-006  4.4738515E-005  0.0000000E+000  8.3006644E-006  3.3826849E-005  1.0677883E-005  4.0020530E-005  2.7069447E-005  0.0000000E+000
  0.0000000E+000  9.8989372E-003  4.1596390E-007  1.5582102E-006  9.4506476E-005  5.9462315E-003  0.0000000E+000  1.6141326E-001  1.7043588E-001  1.6851959E-001  1.3590213E-006  1.7591885E-007  0.0000000E+000  4.7359138E-005  1.3279298E-004  6.5456359E-005  2.2045367E-006  4.4746886E-005  0.0000000E+000  8.2274895E-006  3.3622154E-005  1.0699839E-005  3.9960607E-005  2.6972218E-005  0.0000000E+000
  0.0000000E+000  9.4709527E-003  3.7770654E-007  1.5557374E-006  9.4792045E-005  5.7438676E-003  0.0000000E+000  1.5957894E-001  1.6882636E-001  1.6679052E-001  1.3238202E-006  1.6758407E-007  0.0000000E+000  4.7373036E-005  1.3278471E-004  6.5675099E-005  2.1230948E-006  4.4754564E-005  0.0000000E+000  8.1580386E-006  3.3427566E-005  1.0721113E-005  3.9903095E-005  2.6879443E-005  0.0000000E+000
  0.0000000E+000  9.0733050E-003  3.4306790E-007  1.5533779E-006  9.5063326E-005  5.5505085E-003  0.0000000E+000  1.5779385E-001  1.6726012E-001  1.6510786E-001  1.2905760E-006  1.5980834E-007  0.0000000E+000  4.7387395E-005  1.3278009E-004  6.5883490E-005  2.0459142E-006  4.4761593E-005  0.0000000E+000  8.0920767E-006  3.3242456E-005  1.0741702E-005  3.9847858E-005  2.6790862E-005  0.0000000E+000
  0.0000000E+000  8.7033935E-003  3.1168296E-007  1.5511258E-006  9.5321190E-005  5.3657019E-003  0.0000000E+000  1.5605728E-001  1.6573650E-001  1.6347094E-001  1.2591543E-006  1.5254645E-007  0.0000000E+000  4.7402160E-005  1.3277882E-004  6.6082083E-005  1.9727214E-006  4.4768015E-005  0.0000000E+000  8.0293882E-006  3.3066246E-005  1.0761609E-005  3.9794775E-005  2.6706235E-005  0.0000000E+000
  0.0000000E+000  8.3588847E-003  2.8322733E-007  1.5489758E-006  9.5566442E-005  5.1890244E-003  0.0000000E+000  1.5436849E-001  1.6425489E-001  1.6187908E-001  1.2294326E-006  1.4575759E-007  0.0000000E+000  4.7417279E-005  1.3278063E-004  6.6271392E-005  1.9032661E-006  4.4773868E-005  0.0000000E+000  7.9697752E-006  3.2898406E-005  1.0780837E-005  3.9743733E-005  2.6625343E-005  0.0000000E+000
  0.0000000E+000  8.0376812E-003  2.5741223E-007  1.5469226E-006  9.5799820E-005  5.0200796E-003  0.0000000E+000  1.5272675E-001  1.6281462E-001  1.6033157E-001  1.2012988E-006  1.3940487E-007  0.0000000E+000  4.7432702E-005  1.3278524E-004  6.6451895E-005  1.8373182E-006  4.4779190E-005  0.0000000E+000  7.9130557E-006  3.2738450E-005  1.0799394E-005  3.9694629E-005  2.6547984E-005  0.0000000E+000
  0.0000000E+000  7.7378938E-003  2.3398011E-007  1.5449614E-006  9.6022007E-005  4.8584962E-003  0.0000000E+000  1.5113132E-001  1.6141506E-001  1.5882774E-001  1.1746506E-006  1.3345488E-007  0.0000000E+000  4.7448383E-005  1.3279242E-004  6.6624043E-005  1.7746664E-006  4.4784014E-005  0.0000000E+000  7.8590621E-006  3.2585928E-005  1.0817289E-005  3.9647369E-005  2.6473969E-005  0.0000000E+000
  0.0000000E+000  7.4578184E-003  2.1270093E-007  1.5430878E-006  9.6233633E-005  4.7039263E-003  0.0000000E+000  1.4958148E-001  1.6005557E-001  1.5736690E-001  1.1493940E-006  1.2787731E-007  0.0000000E+000  4.7464278E-005  1.3280194E-004  6.6788253E-005  1.7151163E-006  4.4788373E-005  0.0000000E+000  7.8076398E-006  3.2440428E-005  1.0834534E-005  3.9601867E-005  2.6403127E-005  0.0000000E+000
  0.0000000E+000  7.1959149E-003  1.9336884E-007  1.5412975E-006  9.6435280E-005  4.5560434E-003  0.0000000E+000  1.4807649E-001  1.5873551E-001  1.5594836E-001  1.1254429E-006  1.2264462E-007  0.0000000E+000  4.7480344E-005  1.3281358E-004  6.6944918E-005  1.6584885E-006  4.4792298E-005  0.0000000E+000  7.7586462E-006  3.2301568E-005  1.0851140E-005  3.9558042E-005  2.6335297E-005  0.0000000E+000
  0.0000000E+000  6.9507891E-003  1.7579941E-007  1.5395866E-006  9.6627486E-005  4.4145413E-003  0.0000000E+000  1.4661563E-001  1.5745423E-001  1.5457145E-001  1.1027182E-006  1.1773175E-007  0.0000000E+000  4.7496543E-005  1.3282715E-004  6.7094405E-005  1.6046176E-006  4.4795818E-005  0.0000000E+000  7.7119491E-006  3.2168996E-005  1.0867121E-005  3.9515821E-005  2.6270331E-005  0.0000000E+000
  0.0000000E+000  6.7211771E-003  1.5982710E-007  1.5379514E-006  9.6810751E-005  4.2791327E-003  0.0000000E+000  1.4519819E-001  1.5621112E-001  1.5323549E-001  1.0811470E-006  1.1311590E-007  0.0000000E+000  4.7512836E-005  1.3284245E-004  6.7237058E-005  1.5533509E-006  4.4798959E-005  0.0000000E+000  7.6674267E-006  3.2042386E-005  1.0882491E-005  3.9475136E-005  2.6208093E-005  0.0000000E+000
  0.0000000E+000  6.5059315E-003  1.4530317E-007  1.5363884E-006  9.6985537E-005  4.1495477E-003  0.0000000E+000  1.4382347E-001  1.5500556E-001  1.5193981E-001  1.0606624E-006  1.0877623E-007  0.0000000E+000  4.7529188E-005  1.3285931E-004  6.7373201E-005  1.5045467E-006  4.4801749E-005  0.0000000E+000  7.6249656E-006  3.1921437E-005  1.0897265E-005  3.9435925E-005  2.6148455E-005  0.0000000E+000
  0.0000000E+000  6.3040087E-003  1.3209376E-007  1.5348944E-006  9.7152273E-005  4.0255325E-003  0.0000000E+000  1.4249077E-001  1.5383693E-001  1.5068378E-001  1.0412025E-006  1.0469372E-007  0.0000000E+000  4.7545563E-005  1.3287757E-004  6.7503135E-005  1.4580744E-006  4.4804211E-005  0.0000000E+000  7.5844611E-006  3.1805868E-005  1.0911458E-005  3.9398132E-005  2.6091300E-005  0.0000000E+000
  0.0000000E+000  6.1144587E-003  1.2007825E-007  1.5334662E-006  9.7311359E-005  3.9068490E-003  0.0000000E+000  1.4119941E-001  1.5270463E-001  1.4946673E-001  1.0227101E-006  1.0085099E-007  0.0000000E+000  4.7561930E-005  1.3289705E-004  6.7627146E-005  1.4138124E-006  4.4806369E-005  0.0000000E+000  7.5458157E-006  3.1695421E-005  1.0925085E-005  3.9361701E-005  2.6036516E-005  0.0000000E+000
  0.0000000E+000  5.9364153E-003  1.0914783E-007  1.5321010E-006  9.7463165E-005  3.7932730E-003  0.0000000E+000  1.3994871E-001  1.5160807E-001  1.4828805E-001  1.0051326E-006  9.7232101E-008  0.0000000E+000  4.7578256E-005  1.3291762E-004  6.7745499E-005  1.3716482E-006  4.4808244E-005  0.0000000E+000  7.5089390E-006  3.1589855E-005  1.0938162E-005  3.9326585E-005  2.5984003E-005  0.0000000E+000
  0.0000000E+000  5.7690875E-003  9.9204196E-008  1.5307961E-006  9.7608037E-005  3.6845939E-003  0.0000000E+000  1.3873803E-001  1.5054667E-001  1.4714711E-001  9.8842101E-007  9.3822460E-008  0.0000000E+000  4.7594512E-005  1.3293914E-004  6.7858448E-005  1.3314772E-006  4.4809857E-005  0.0000000E+000  7.4737468E-006  3.1488944E-005  1.0950703E-005  3.9292739E-005  2.5933666E-005  0.0000000E+000
  0.0000000E+000  5.6117528E-003  9.0158468E-008  1.5295490E-006  9.7746295E-005  3.5806132E-003  0.0000000E+000  1.3756672E-001  1.4951986E-001  1.4604330E-001  9.7253019E-007  9.0608671E-008  0.0000000E+000  4.7610669E-005  1.3296146E-004  6.7966226E-005  1.2932022E-006  4.4811228E-005  0.0000000E+000  7.4401607E-006  3.1392483E-005  1.0962725E-005  3.9260120E-005  2.5885416E-005  0.0000000E+000
  0.0000000E+000  5.4637497E-003  8.1930180E-008  1.5283573E-006  9.7878240E-005  3.4811446E-003  0.0000000E+000  1.3643416E-001  1.4852709E-001  1.4497604E-001  9.5741823E-007  8.7578427E-008  0.0000000E+000  4.7626700E-005  1.3298447E-004  6.8069056E-005  1.2567328E-006  4.4812376E-005  0.0000000E+000  7.4081080E-006  3.1300276E-005  1.0974241E-005  3.9228689E-005  2.5839171E-005  0.0000000E+000
  0.0000000E+000  5.3244724E-003  7.4446414E-008  1.5272186E-006  9.8004150E-005  3.3860124E-003  0.0000000E+000  1.3533972E-001  1.4756782E-001  1.4394474E-001  9.4304625E-007  8.4720415E-008  0.0000000E+000  4.7642578E-005  1.3300804E-004  6.8167147E-005  1.2219849E-006  4.4813318E-005  0.0000000E+000  7.3775206E-006  3.1212144E-005  1.0985268E-005  3.9198411E-005  2.5794854E-005  0.0000000E+000
  0.0000000E+000  5.1933654E-003  6.7641021E-008  1.5261311E-006  9.8124286E-005  3.2950514E-003  0.0000000E+000  1.3428283E-001  1.4664152E-001  1.4294884E-001  9.2937817E-007  8.2024225E-008  0.0000000E+000  4.7658277E-005  1.3303206E-004  6.8260696E-005  1.1888800E-006  4.4814071E-005  0.0000000E+000  7.3483351E-006  3.1127918E-005  1.0995819E-005  3.9169252E-005  2.5752394E-005  0.0000000E+000
  0.0000000E+000  5.0699188E-003  6.1453946E-008  1.5250925E-006  9.8238892E-005  3.2081060E-003  0.0000000E+000  1.3326288E-001  1.4574768E-001  1.4198780E-001  9.1638048E-007  7.9480267E-008  0.0000000E+000  4.7673774E-005  1.3305643E-004  6.8349887E-005  1.1573451E-006  4.4814651E-005  0.0000000E+000  7.3204924E-006  3.1047442E-005  1.1005908E-005  3.9141182E-005  2.5711724E-005  0.0000000E+000
  0.0000000E+000  4.9536641E-003  5.5830611E-008  1.5241011E-006  9.8348193E-005  3.1250297E-003  0.0000000E+000  1.3227933E-001  1.4488580E-001  1.4106107E-001  9.0402199E-007  7.7079703E-008  0.0000000E+000  4.7689044E-005  1.3308104E-004  6.8434894E-005  1.1273120E-006  4.4815074E-005  0.0000000E+000  7.2939373E-006  3.0970570E-005  1.1015551E-005  3.9114171E-005  2.5672781E-005  0.0000000E+000
  0.0000000E+000  4.8441708E-003  5.0721377E-008  1.5231551E-006  9.8452403E-005  3.0456845E-003  0.0000000E+000  1.3133162E-001  1.4405539E-001  1.4016815E-001  8.9227375E-007  7.4814383E-008  0.0000000E+000  4.7704066E-005  1.3310579E-004  6.8515882E-005  1.0987172E-006  4.4815353E-005  0.0000000E+000  7.2686183E-006  3.0897165E-005  1.1024760E-005  3.9088195E-005  2.5635507E-005  0.0000000E+000
  0.0000000E+000  4.7410426E-003  4.6081065E-008  1.5222529E-006  9.8551720E-005  2.9699406E-003  0.0000000E+000  1.3041923E-001  1.4325598E-001  1.3930853E-001  8.8110878E-007  7.2676781E-008  0.0000000E+000  4.7718817E-005  1.3313059E-004  6.8593005E-005  1.0715014E-006  4.4815503E-005  0.0000000E+000  7.2444873E-006  3.0827099E-005  1.1033548E-005  3.9063227E-005  2.5599848E-005  0.0000000E+000
  0.0000000E+000  4.6439145E-003  4.1868523E-008  1.5213929E-006  9.8646329E-005  2.8976758E-003  0.0000000E+000  1.2954164E-001  1.4248713E-001  1.3848173E-001  8.7050199E-007  7.0659951E-008  0.0000000E+000  4.7733278E-005  1.3315535E-004  6.8666409E-005  1.0456092E-006  4.4815535E-005  0.0000000E+000  7.2214991E-006  3.0760255E-005  1.1041928E-005  3.9039246E-005  2.5565754E-005  0.0000000E+000
  0.0000000E+000  4.5524504E-003  3.8046245E-008  1.5205736E-006  9.8736403E-005  2.8287750E-003  0.0000000E+000  1.2869836E-001  1.4174838E-001  1.3768727E-001  8.6042999E-007  6.8757473E-008  0.0000000E+000  4.7747428E-005  1.3317999E-004  6.8736230E-005  1.0209888E-006  4.4815464E-005  0.0000000E+000  7.1996119E-006  3.0696521E-005  1.1049913E-005  3.9016230E-005  2.5533176E-005  0.0000000E+000
  0.0000000E+000  4.4663406E-003  3.4580029E-008  1.5197937E-006  9.8822105E-005  2.7631300E-003  0.0000000E+000  1.2788891E-001  1.4103933E-001  1.3692471E-001  8.5087103E-007  6.6963413E-008  0.0000000E+000  4.7761249E-005  1.3320442E-004  6.8802598E-005  9.9759188E-007  4.4815299E-005  0.0000000E+000  7.1787863E-006  3.0635793E-005  1.1057513E-005  3.8994159E-005  2.5502071E-005  0.0000000E+000
  0.0000000E+000  4.3852992E-003  3.1438669E-008  1.5190519E-006  9.8903585E-005  2.7006388E-003  0.0000000E+000  1.2711283E-001  1.4035955E-001  1.3619361E-001  8.4180482E-007  6.5272286E-008  0.0000000E+000  4.7774721E-005  1.3322858E-004  6.8865634E-005  9.7537342E-007  4.4815053E-005  0.0000000E+000  7.1589855E-006  3.0577975E-005  1.1064741E-005  3.8973017E-005  2.5472397E-005  0.0000000E+000
  0.0000000E+000  4.3090626E-003  2.8593681E-008  1.5183469E-006  9.8980985E-005  2.6412058E-003  0.0000000E+000  1.2636968E-001  1.3970866E-001  1.3549355E-001  8.3321248E-007  6.3679018E-008  0.0000000E+000  4.7787827E-005  1.3325239E-004  6.8925452E-005  9.5429125E-007  4.4814736E-005  0.0000000E+000  7.1401753E-006  3.0522976E-005  1.1071608E-005  3.8952785E-005  2.5444116E-005  0.0000000E+000
  0.0000000E+000  4.2373878E-003  2.6019061E-008  1.5176776E-006  9.9054438E-005  2.5847409E-003  0.0000000E+000  1.2565902E-001  1.3908628E-001  1.3482413E-001  8.2507642E-007  6.2178917E-008  0.0000000E+000  4.7800551E-005  1.3327579E-004  6.8982159E-005  9.3430601E-007  4.4814358E-005  0.0000000E+000  7.1223235E-006  3.0470713E-005  1.1078124E-005  3.8933448E-005  2.5417191E-005  0.0000000E+000
  0.0000000E+000  4.1700501E-003  2.3691057E-008  1.5170430E-006  9.9124067E-005  2.5311597E-003  0.0000000E+000  1.2498046E-001  1.3849205E-001  1.3418496E-001  8.1738024E-007  6.0767643E-008  0.0000000E+000  4.7812877E-005  1.3329870E-004  6.9035857E-005  9.1538098E-007  4.4813927E-005  0.0000000E+000  7.1054003E-006  3.0421105E-005  1.1084298E-005  3.8914993E-005  2.5391589E-005  0.0000000E+000
  0.0000000E+000  4.1068427E-003  2.1587978E-008  1.5164420E-006  9.9189988E-005  2.4803826E-003  0.0000000E+000  1.2433361E-001  1.3792562E-001  1.3357567E-001  8.1010870E-007  5.9441184E-008  0.0000000E+000  4.7824789E-005  1.3332106E-004  6.9086641E-005  8.9748190E-007  4.4813454E-005  0.0000000E+000  7.0893777E-006  3.0374081E-005  1.1090142E-005  3.8897405E-005  2.5367278E-005  0.0000000E+000
  0.0000000E+000  4.0475744E-003  1.9690012E-008  1.5158738E-006  9.9252308E-005  2.4323355E-003  0.0000000E+000  1.2371808E-001  1.3738665E-001  1.3299591E-001  8.0324761E-007  5.8195827E-008  0.0000000E+000  4.7836273E-005  1.3334282E-004  6.9134598E-005  8.8057682E-007  4.4812947E-005  0.0000000E+000  7.0742295E-006  3.0329571E-005  1.1095663E-005  3.8880672E-005  2.5344229E-005  0.0000000E+000
  0.0000000E+000  3.9920692E-003  1.7979067E-008  1.5153373E-006  9.9311127E-005  2.3869486E-003  0.0000000E+000  1.2313353E-001  1.3687484E-001  1.3244533E-001  7.9678377E-007  5.7028147E-008  0.0000000E+000  4.7847314E-005  1.3336393E-004  6.9179814E-005  8.6463594E-007  4.4812412E-005  0.0000000E+000  7.0599316E-006  3.0287511E-005  1.1100870E-005  3.8864783E-005  2.5322414E-005  0.0000000E+000
  0.0000000E+000  3.9401645E-003  1.6438629E-008  1.5148318E-006  9.9366540E-005  2.3441568E-003  0.0000000E+000  1.2257961E-001  1.3638989E-001  1.3192363E-001  7.9070493E-007  5.5934975E-008  0.0000000E+000  4.7857900E-005  1.3338432E-004  6.9222365E-005  8.4963157E-007  4.4811859E-005  0.0000000E+000  7.0464611E-006  3.0247843E-005  1.1105772E-005  3.8849727E-005  2.5301809E-005  0.0000000E+000
  0.0000000E+000  3.8917109E-003  1.5053630E-008  1.5143566E-006  9.9418633E-005  2.3038991E-003  0.0000000E+000  1.2205601E-001  1.3593150E-001  1.3143049E-001  7.8499971E-007  5.4913391E-008  0.0000000E+000  4.7868018E-005  1.3340396E-004  6.9262325E-005  8.3553794E-007  4.4811294E-005  0.0000000E+000  7.0337971E-006  3.0210511E-005  1.1110377E-005  3.8835495E-005  2.5282390E-005  0.0000000E+000
  0.0000000E+000  3.8465708E-003  1.3810332E-008  1.5139108E-006  9.9467487E-005  2.2661189E-003  0.0000000E+000  1.2156242E-001  1.3549940E-001  1.3096563E-001  7.7965757E-007  5.3960703E-008  0.0000000E+000  4.7877656E-005  1.3342279E-004  6.9299762E-005  8.2233111E-007  4.4810723E-005  0.0000000E+000  7.0219199E-006  3.0175464E-005  1.1114692E-005  3.8822078E-005  2.5264134E-005  0.0000000E+000
  0.0000000E+000  3.8046178E-003  1.2696226E-008  1.5134939E-006  9.9513177E-005  2.2307633E-003  0.0000000E+000  1.2109855E-001  1.3509335E-001  1.3052877E-001  7.7466876E-007  5.3074433E-008  0.0000000E+000  4.7886803E-005  1.3344076E-004  6.9334739E-005  8.0998892E-007  4.4810153E-005  0.0000000E+000  7.0108115E-006  3.0142654E-005  1.1118723E-005  3.8809467E-005  2.5247022E-005  0.0000000E+000
  0.0000000E+000  3.7657359E-003  1.1699932E-008  1.5131052E-006  9.9555772E-005  2.1977832E-003  0.0000000E+000  1.2066414E-001  1.3471311E-001  1.3011966E-001  7.7002427E-007  5.2252304E-008  0.0000000E+000  4.7895448E-005  1.3345785E-004  6.9367316E-005  7.9849086E-007  4.4809590E-005  0.0000000E+000  7.0004551E-006  3.0112038E-005  1.1122479E-005  3.8797654E-005  2.5231035E-005  0.0000000E+000
  0.0000000E+000  3.7298189E-003  1.0811119E-008  1.5127441E-006  9.9595336E-005  2.1671333E-003  0.0000000E+000  1.2025893E-001  1.3435843E-001  1.2973806E-001  7.6571581E-007  5.1492230E-008  0.0000000E+000  4.7903582E-005  1.3347402E-004  6.9397547E-005  7.8781802E-007  4.4809038E-005  0.0000000E+000  6.9908352E-006  3.0083575E-005  1.1125963E-005  3.8786634E-005  2.5216156E-005  0.0000000E+000
  0.0000000E+000  3.6967699E-003  1.0020427E-008  1.5124102E-006  9.9631929E-005  2.1387717E-003  0.0000000E+000  1.1988269E-001  1.3402913E-001  1.2938375E-001  7.6173576E-007  5.0792302E-008  0.0000000E+000  4.7911194E-005  1.3348922E-004  6.9425482E-005  7.7795299E-007  4.4808503E-005  0.0000000E+000  6.9819375E-006  3.0057228E-005  1.1129183E-005  3.8776399E-005  2.5202368E-005  0.0000000E+000
  0.0000000E+000  3.6665007E-003  9.3194010E-009  1.5121028E-006  9.9665604E-005  2.1126599E-003  0.0000000E+000  1.1953518E-001  1.3372500E-001  1.2905651E-001  7.5807716E-007  5.0150782E-008  0.0000000E+000  4.7918278E-005  1.3350342E-004  6.9451168E-005  7.6887984E-007  4.4807990E-005  0.0000000E+000  6.9737490E-006  3.0032964E-005  1.1132144E-005  3.8766944E-005  2.5189657E-005  0.0000000E+000
  0.0000000E+000  3.6389313E-003  8.7004279E-009  1.5118217E-006  9.9696411E-005  2.0887626E-003  0.0000000E+000  1.1921623E-001  1.3344586E-001  1.2875616E-001  7.5473364E-007  4.9566091E-008  0.0000000E+000  4.7924823E-005  1.3351659E-004  6.9474647E-005  7.6058401E-007  4.4807502E-005  0.0000000E+000  6.9662578E-006  3.0010750E-005  1.1134849E-005  3.8758264E-005  2.5178010E-005  0.0000000E+000
  0.0000000E+000  3.6139895E-003  8.1566842E-009  1.5115663E-006  9.9724394E-005  2.0670477E-003  0.0000000E+000  1.1892563E-001  1.3319154E-001  1.2848251E-001  7.5169946E-007  4.9036803E-008  0.0000000E+000  4.7930824E-005  1.3352872E-004  6.9495959E-005  7.5305230E-007  4.4807044E-005  0.0000000E+000  6.9594530E-006  2.9990559E-005  1.1137305E-005  3.8750353E-005  2.5167414E-005  0.0000000E+000
  0.0000000E+000  3.5916105E-003  7.6820867E-009  1.5113363E-006  9.9749593E-005  2.0474864E-003  0.0000000E+000  1.1866321E-001  1.3296190E-001  1.2823541E-001  7.4896941E-007  4.8561638E-008  0.0000000E+000  4.7936274E-005  1.3353976E-004  6.9515137E-005  7.4627281E-007  4.4806620E-005  0.0000000E+000  6.9533249E-006  2.9972366E-005  1.1139515E-005  3.8743208E-005  2.5157860E-005  0.0000000E+000
  0.0000000E+000  3.5717368E-003  7.2712511E-009  1.5111314E-006  9.9772045E-005  2.0300526E-003  0.0000000E+000  1.1842883E-001  1.3275680E-001  1.2801471E-001  7.4653887E-007  4.8139455E-008  0.0000000E+000  4.7941166E-005  1.3354970E-004  6.9532214E-005  7.4023487E-007  4.4806231E-005  0.0000000E+000  6.9478648E-006  2.9956147E-005  1.1141482E-005  3.8736825E-005  2.5149336E-005  0.0000000E+000
  0.0000000E+000  3.5543175E-003  6.9194536E-009  1.5109512E-006  9.9791782E-005  2.0147232E-003  0.0000000E+000  1.1822234E-001  1.3257611E-001  1.2782027E-001  7.4440373E-007  4.7769249E-008  0.0000000E+000  4.7945495E-005  1.3355852E-004  6.9547217E-005  7.3492906E-007  4.4805882E-005  0.0000000E+000  6.9430649E-006  2.9941882E-005  1.1143210E-005  3.8731201E-005  2.5141835E-005  0.0000000E+000
  0.0000000E+000  3.5393083E-003  6.6225992E-009  1.5107956E-006  9.9808831E-005  2.0014781E-003  0.0000000E+000  1.1804363E-001  1.3241973E-001  1.2765200E-001  7.4256041E-007  4.7450141E-008  0.0000000E+000  4.7949257E-005  1.3356620E-004  6.9560171E-005  7.3034713E-007  4.4805574E-005  0.0000000E+000  6.9389184E-006  2.9929555E-005  1.1144702E-005  3.8726332E-005  2.5135350E-005  0.0000000E+000
  0.0000000E+000  3.5266713E-003  6.3771931E-009  1.5106643E-006  9.9823217E-005  1.9902998E-003  0.0000000E+000  1.1789259E-001  1.3228757E-001  1.2750978E-001  7.4100583E-007  4.7181380E-008  0.0000000E+000  4.7952447E-005  1.3357272E-004  6.9571097E-005  7.2648197E-007  4.4805310E-005  0.0000000E+000  6.9354196E-006  2.9919149E-005  1.1145960E-005  3.8722216E-005  2.5129872E-005  0.0000000E+000
  0.0000000E+000  3.5163748E-003  6.1803172E-009  1.5105571E-006  9.9834961E-005  1.9811738E-003  0.0000000E+000  1.1776914E-001  1.3217954E-001  1.2739353E-001  7.3973739E-007  4.6962334E-008  0.0000000E+000  4.7955062E-005  1.3357808E-004  6.9580012E-005  7.2332763E-007  4.4805092E-005  0.0000000E+000  6.9325636E-006  2.9910653E-005  1.1146987E-005  3.8718852E-005  2.5125398E-005  0.0000000E+000
  0.0000000E+000  3.5083929E-003  6.0296105E-009  1.5104739E-006  9.9844077E-005  1.9740881E-003  0.0000000E+000  1.1767319E-001  1.3209559E-001  1.2730319E-001  7.3875299E-007  4.6792491E-008  0.0000000E+000  4.7957098E-005  1.3358225E-004  6.9586931E-005  7.2087925E-007  4.4804920E-005  0.0000000E+000  6.9303463E-006  2.9904055E-005  1.1147784E-005  3.8716237E-005  2.5121923E-005  0.0000000E+000
  0.0000000E+000  3.5027057E-003  5.9232526E-009  1.5104146E-006  9.9850580E-005  1.9690334E-003  0.0000000E+000  1.1760469E-001  1.3203566E-001  1.2723870E-001  7.3805101E-007  4.6671456E-008  0.0000000E+000  4.7958555E-005  1.3358524E-004  6.9591865E-005  7.1913308E-007  4.4804797E-005  0.0000000E+000  6.9287647E-006  2.9899348E-005  1.1148352E-005  3.8714369E-005  2.5119443E-005  0.0000000E+000
  0.0000000E+000  3.4992990E-003  5.8599520E-009  1.5103790E-006  9.9854478E-005  1.9660033E-003  0.0000000E+000  1.1756361E-001  1.3199972E-001  1.2720002E-001  7.3763029E-007  4.6598948E-008  0.0000000E+000  4.7959429E-005  1.3358704E-004  6.9594823E-005  7.1808645E-007  4.4804723E-005  0.0000000E+000  6.9278167E-006  2.9896526E-005  1.1148692E-005  3.8713250E-005  2.5117956E-005  0.0000000E+000
